Date,Open,High,Low,Close,Volume
2019-05-24,27.09,27.13,25.69,26.02,4886302.0
2019-05-23,26.13,27.22,26.03,26.64,3907042.0
2019-05-22,27.81,28.01,27.21,27.37,1975300.0
2019-05-21,27.65,28.03,27.3,27.86,2400144.0
2019-05-20,27.23,27.9,26.91,27.37,3776748.0
2019-05-17,28.83,29.13,27.7,27.92,4423568.0
2019-05-16,30.06,30.19,29.21,29.61,2413437.0
2019-05-15,28.9,30.32,28.79,29.88,4794255.0
2019-05-14,28.71,29.16,27.75,28.81,4359900.0
2019-05-13,27.21,28.96,27.15,27.83,4815209.0
2019-05-10,29.74,31.2,28.32,28.97,13083733.0
2019-05-09,31.7,32.51,30.96,32.29,3591738.0
2019-05-08,32.89,33.09,32.0,32.81,4132053.0
2019-05-07,35.33,35.44,32.67,33.15,4663539.0
2019-05-06,34.74,35.78,34.5,35.58,3174220.0
2019-05-03,35.88,36.99,35.65,36.85,1988759.0
2019-05-02,35.23,35.83,34.98,35.64,1691615.0
2019-05-01,35.48,36.12,35.15,35.19,1999286.0
2019-04-30,34.3,35.64,34.21,35.07,4223981.0
2019-04-29,34.03,34.88,33.33,34.36,11057735.0
2019-04-26,37.02,37.19,36.51,36.87,1165513.0
2019-04-25,36.98,37.25,36.15,36.87,2243250.0
2019-04-24,37.66,37.82,36.79,36.85,3565779.0
2019-04-23,36.26,37.6,35.81,37.52,3944777.0
2019-04-22,35.09,36.28,34.96,36.26,1817183.0
2019-04-18,35.95,36.06,35.27,35.67,1973559.0
2019-04-17,36.71,36.98,35.54,36.04,4352007.0
2019-04-16,36.59,36.87,35.83,36.23,3584147.0
2019-04-15,37.85,37.88,35.94,35.99,6648004.0
2019-04-12,38.19,38.96,37.84,38.11,3626011.0
2019-04-11,37.87,37.97,36.69,37.2,4297508.0
2019-04-10,38.82,39.0,37.62,38.03,3830976.0
2019-04-09,39.28,39.33,38.82,38.98,2216012.0
2019-04-08,39.85,39.96,38.8,39.55,2456309.0
2019-04-05,40.1,40.3,39.6,40.01,2427367.0
2019-04-04,40.55,40.68,39.34,39.76,2591395.0
2019-04-03,40.28,41.5,39.88,40.67,4061867.0
2019-04-02,40.71,40.8,39.11,39.88,3412998.0
2019-04-01,39.07,41.4,39.01,40.81,7183016.0
2019-03-29,38.09,38.69,37.94,38.24,4472325.0
2019-03-28,37.49,37.66,37.03,37.59,2860559.0
2019-03-27,37.61,38.41,37.12,37.31,2378801.0
2019-03-26,38.29,38.55,37.21,37.6,2606098.0
2019-03-25,36.72,38.37,36.49,38.17,2668475.0
2019-03-22,38.08,38.4,36.89,37.13,2264004.0
2019-03-21,37.78,38.57,37.76,38.5,2219363.0
2019-03-20,38.42,38.42,37.33,38.07,2986208.0
2019-03-19,38.97,39.42,38.34,38.54,4031123.0
2019-03-18,38.96,39.98,38.69,38.86,7060470.0
2019-03-15,37.26,38.69,37.26,38.5,5233272.0
2019-03-14,36.89,37.84,36.3,37.22,5321937.0
2019-03-13,37.0,37.94,36.57,37.79,8071808.0
2019-03-12,36.1,37.85,35.52,36.44,19954458.0
2019-03-11,33.28,33.71,31.96,32.55,8731675.0
2019-03-08,31.07,33.07,31.0,32.77,3797653.0
2019-03-07,34.86,34.98,32.32,32.72,5184514.0
2019-03-06,35.39,36.05,35.1,35.27,4184145.0
2019-03-05,33.9,35.54,33.81,35.18,4459897.0
2019-03-04,34.1,34.56,32.74,33.87,3755463.0
2019-03-01,34.19,34.41,32.82,33.28,4171378.0
2019-02-28,34.65,34.65,32.81,33.17,3783424.0
2019-02-27,33.92,34.83,33.68,34.61,2019584.0
2019-02-26,34.64,34.76,33.36,34.55,3408729.0
2019-02-25,35.4,35.59,34.28,35.34,5174197.0
2019-02-22,32.1,33.2,31.91,33.14,2879621.0
2019-02-21,32.12,32.47,31.3,31.61,2739316.0
2019-02-20,32.27,33.0,31.62,31.82,3244534.0
2019-02-19,30.4,32.42,30.25,32.36,3374740.0
2019-02-15,31.22,31.22,29.98,30.04,2647141.0
2019-02-14,31.33,31.33,30.43,31.23,2205968.0
2019-02-13,31.17,32.65,31.1,31.33,3356570.0
2019-02-12,29.95,30.79,29.67,30.7,1865090.0
2019-02-11,29.53,30.07,29.41,29.67,2564044.0
2019-02-08,28.5,29.57,28.2,29.21,2253340.0
2019-02-07,29.84,29.89,28.43,28.69,3314085.0
2019-02-06,30.69,30.95,29.91,30.13,1635914.0
2019-02-05,29.92,30.84,29.74,30.61,1795713.0
2019-02-04,30.13,30.29,29.62,29.77,1787267.0
2019-02-01,30.59,31.32,29.98,30.33,2718857.0
2019-01-31,30.12,30.9,29.96,30.43,3052884.0
2019-01-30,29.5,29.97,29.08,29.75,2615967.0
2019-01-29,29.98,29.98,28.49,28.97,3074109.0
2019-01-28,30.5,30.58,29.48,30.04,2875889.0
2019-01-25,29.96,31.39,29.82,31.05,3836216.0
2019-01-24,28.34,29.59,28.3,29.53,2716839.0
2019-01-23,29.31,29.41,28.19,28.39,4354061.0
2019-01-22,29.74,30.06,28.52,28.97,6599477.0
2019-01-18,29.02,30.53,28.96,30.26,8165221.0
2019-01-17,27.72,29.14,27.51,28.67,4942117.0
2019-01-16,27.07,28.1,27.07,27.76,2524505.0
2019-01-15,26.8,27.18,26.71,26.94,2872112.0
2019-01-14,26.57,26.65,26.2,26.57,3153871.0
2019-01-11,26.73,27.07,26.07,26.98,3024539.0
2019-01-10,26.88,27.2,26.51,27.0,2420177.0
2019-01-09,26.75,27.41,26.3,27.15,3761771.0
2019-01-08,26.46,26.79,26.14,26.6,4072392.0
2019-01-07,25.63,26.22,25.36,26.22,3685701.0
2019-01-04,24.75,25.55,24.34,25.41,2802707.0
2019-01-03,24.5,24.77,23.98,24.03,2291752.0
2019-01-02,23.06,25.21,22.85,24.83,3032296.0
2018-12-31,24.56,25.08,23.6,23.75,1978892.0
2018-12-28,24.48,24.72,23.9,24.41,2318220.0
2018-12-27,23.62,24.5,23.46,24.37,2511999.0
2018-12-26,23.83,24.26,22.91,24.22,2832906.0
2018-12-24,23.13,24.14,23.09,23.68,1712357.0
2018-12-21,23.52,24.1,23.3,23.38,3623164.0
2018-12-20,23.08,23.64,22.89,23.34,3832035.0
2018-12-19,24.66,25.05,23.02,23.46,4217025.0
2018-12-18,24.51,24.92,24.28,24.49,3321722.0
2018-12-17,25.12,25.26,24.21,24.29,3663369.0
2018-12-14,24.94,25.85,24.47,25.22,2761151.0
2018-12-13,26.0,26.17,25.33,25.46,3257492.0
2018-12-12,25.06,26.36,25.01,25.58,4993265.0
2018-12-11,24.86,25.09,24.35,24.58,3794074.0
2018-12-10,24.24,25.13,24.05,24.26,4989188.0
2018-12-07,26.75,27.12,24.3,24.57,10507639.0
2018-12-06,27.2,27.8,26.01,27.05,13513043.0
2018-12-04,32.31,32.58,31.43,31.69,6663852.0
2018-12-03,33.81,33.88,32.39,33.08,5969522.0
2018-11-30,30.5,31.65,30.25,31.35,3238639.0
2018-11-29,29.65,30.67,29.59,30.35,3658238.0
2018-11-28,30.34,30.52,29.25,30.02,5652005.0
2018-11-27,29.84,30.28,29.15,29.71,4428886.0
2018-11-26,32.31,32.31,29.66,30.04,6434674.0
2018-11-23,31.35,32.38,31.0,31.67,1447974.0
2018-11-21,31.8,33.07,31.33,31.69,3499987.0
2018-11-20,29.16,31.12,28.76,30.63,3674953.0
2018-11-19,32.67,32.87,30.12,30.59,4828525.0
2018-11-16,33.71,34.14,32.41,32.96,3107189.0
2018-11-15,33.21,35.1,33.19,34.29,5346831.0
2018-11-14,31.93,33.44,31.91,32.88,3716461.0
2018-11-13,32.2,32.93,31.47,31.72,3452834.0
2018-11-12,32.82,32.83,30.74,31.51,3234865.0
2018-11-09,33.09,33.8,31.52,32.65,5603103.0
2018-11-08,35.98,36.45,34.95,35.0,2575259.0
2018-11-07,36.14,36.67,35.55,36.64,2289042.0
2018-11-06,36.05,37.17,35.12,35.77,2403608.0
2018-11-05,35.35,36.09,34.71,36.0,2524770.0
2018-11-02,37.13,37.25,34.93,35.41,5662304.0
2018-11-01,34.09,36.7,32.48,36.48,8159387.0
2018-10-31,32.33,33.84,31.76,33.57,6846446.0
2018-10-30,29.75,30.74,29.1,30.64,2941532.0
2018-10-29,31.41,32.28,29.56,30.11,4275430.0
2018-10-26,30.07,31.66,29.7,30.82,2809192.0
2018-10-25,30.81,31.68,30.37,30.69,3685321.0
2018-10-24,32.07,32.23,30.13,30.14,4225907.0
2018-10-23,30.4,32.75,30.21,31.85,3889795.0
2018-10-22,32.8,33.94,31.66,32.08,6921292.0
2018-10-19,33.89,34.32,30.27,30.46,8469775.0
2018-10-18,34.01,34.96,32.51,32.64,7305763.0
2018-10-17,37.48,37.48,34.4,34.5,7491130.0
2018-10-16,38.4,38.5,36.92,37.59,4823069.0
2018-10-15,36.63,38.4,36.1,38.02,3646471.0
2018-10-12,37.5,38.61,36.73,37.65,5501653.0
2018-10-11,34.92,36.76,34.42,35.51,4885395.0
2018-10-10,37.36,37.5,35.05,35.06,5281222.0
2018-10-09,37.58,38.51,37.33,37.68,2758207.0
2018-10-08,37.5,38.93,36.65,38.02,4316429.0
2018-10-05,39.42,39.97,38.12,39.12,3673940.0
2018-10-04,41.81,41.99,39.04,39.11,5515061.0
2018-10-03,42.12,42.92,41.05,42.39,2869971.0
2018-10-02,43.01,43.8,41.79,41.8,3378850.0
2018-10-01,44.03,44.6,43.96,44.04,2003101.0
2018-09-28,43.54,43.9,42.19,43.8,3600791.0
2018-09-27,45.39,45.69,43.82,44.22,4195016.0
2018-09-26,46.26,46.56,45.7,45.95,2217448.0
2018-09-25,45.69,46.32,45.6,46.18,1697169.0
2018-09-24,44.94,45.9,43.11,45.32,2782011.0
2018-09-21,47.0,47.27,46.14,46.44,4381405.0
2018-09-20,48.31,48.33,46.12,46.51,4747856.0
2018-09-19,48.78,49.38,47.29,47.73,3887811.0
2018-09-18,46.42,48.77,45.89,48.25,4431206.0
2018-09-17,46.49,47.67,45.78,46.01,4400977.0
2018-09-14,46.89,48.03,46.31,47.37,4626686.0
2018-09-13,45.97,47.0,44.59,46.87,6385304.0
2018-09-12,42.31,44.06,41.54,43.93,4742676.0
2018-09-11,42.02,43.85,41.26,42.6,3260115.0
2018-09-10,45.05,45.05,42.54,42.8,3565646.0
2018-09-07,43.6,46.27,43.17,45.15,4384949.0
2018-09-06,45.07,45.88,43.9,44.0,2964925.0
2018-09-05,46.51,46.7,44.13,45.23,3413150.0
2018-09-04,46.0,47.3,45.35,47.24,3302067.0
2018-08-31,44.69,46.48,44.3,46.29,6007680.0
2018-08-30,47.05,47.27,44.58,44.83,4885120.0
2018-08-29,47.26,47.71,46.67,47.56,3835972.0
2018-08-28,47.4,47.75,45.75,47.66,4772058.0
2018-08-27,45.0,47.55,44.9,46.91,8116108.0
2018-08-24,44.68,45.22,43.43,43.84,3233130.0
2018-08-23,43.76,45.16,43.42,43.99,6317973.0
2018-08-22,42.85,44.62,41.5,43.96,12548828.0
2018-08-21,39.81,41.0,39.81,40.49,5650396.0
2018-08-20,39.33,39.99,38.54,39.3,4586066.0
2018-08-17,37.29,38.39,37.17,38.15,4284045.0
2018-08-16,37.51,38.64,37.33,37.55,3788878.0
2018-08-15,35.1,36.59,34.8,36.18,7814277.0
2018-08-14,39.7,40.0,36.72,36.95,8064192.0
2018-08-13,42.32,42.35,39.99,40.51,2727008.0
2018-08-10,41.03,42.39,41.03,42.28,2391510.0
2018-08-09,41.39,42.64,41.11,41.85,1495263.0
2018-08-08,41.45,41.87,40.47,41.31,2140852.0
2018-08-07,40.76,41.68,40.51,40.89,2669396.0
2018-08-06,39.88,40.42,38.98,39.92,2739779.0
2018-08-03,40.16,40.96,39.96,40.4,2427558.0
2018-08-02,40.24,40.44,39.68,40.06,2840147.0
2018-08-01,40.74,41.95,40.74,41.04,2293982.0
2018-07-31,40.49,41.93,39.39,41.02,4408012.0
2018-07-30,41.62,41.87,39.57,40.01,5611766.0
2018-07-27,43.3,43.69,41.61,41.88,2883062.0
2018-07-26,41.35,43.94,41.25,43.12,2883703.0
2018-07-25,42.38,43.54,41.53,43.17,6173993.0
2018-07-24,46.85,46.89,41.06,42.3,13897608.0
2018-07-23,45.23,46.4,44.54,45.99,2548893.0
2018-07-20,44.92,46.15,44.54,45.47,3632074.0
2018-07-19,45.0,45.53,44.04,44.58,4203933.0
2018-07-18,45.6,46.64,45.11,45.62,5794975.0
2018-07-17,43.92,45.49,43.53,45.44,3277349.0
2018-07-16,44.43,45.35,43.91,44.39,3682416.0
2018-07-13,45.63,46.0,43.75,43.96,3600196.0
2018-07-12,45.0,45.56,44.46,45.38,3339879.0
2018-07-11,43.98,44.95,43.72,44.0,3874067.0
2018-07-10,46.31,46.4,44.53,45.2,3986966.0
2018-07-09,47.61,48.52,46.0,46.65,5586894.0
2018-07-06,44.21,46.69,44.08,46.44,4059284.0
2018-07-05,44.2,45.43,43.74,44.2,3498120.0
2018-07-03,44.92,45.1,43.98,44.07,2118145.0
2018-07-02,42.0,44.93,41.84,44.72,4815418.0
2018-06-29,44.97,45.59,43.13,43.5,5491155.0
2018-06-28,42.98,44.9,42.15,44.42,9608746.0
2018-06-27,45.48,45.5,41.44,42.86,12125430.0
2018-06-26,46.64,47.51,45.16,45.34,10537740.0
2018-06-25,49.54,49.69,46.8,48.17,4951110.0
2018-06-22,50.82,51.2,49.84,50.78,2175369.0
2018-06-21,51.8,52.18,50.25,50.88,2666441.0
2018-06-20,51.62,52.42,51.31,51.91,2418787.0
2018-06-19,50.84,51.77,49.8,51.09,5775684.0
2018-06-18,53.48,53.5,52.29,53.13,3238030.0
2018-06-15,53.06,53.9,52.81,53.6,4169744.0
2018-06-14,53.17,54.03,52.77,53.86,3361722.0
2018-06-13,53.0,54.06,52.7,53.23,2557097.0
2018-06-12,53.35,53.36,52.0,52.98,3432076.0
2018-06-11,52.4,54.24,51.99,52.86,4874803.0
2018-06-08,49.09,52.8,49.04,52.01,6959205.0
2018-06-07,50.09,50.62,48.32,49.37,3714678.0
2018-06-06,49.89,50.79,49.41,50.09,5467689.0
2018-06-05,50.52,50.77,49.35,49.73,4389114.0
2018-06-04,50.02,50.82,48.22,50.3,6567488.0
2018-06-01,46.34,49.91,46.34,49.6,11661391.0
2018-05-31,43.7,46.23,43.66,45.92,11146517.0
2018-05-30,45.31,45.45,43.03,43.13,9809915.0
2018-05-29,42.84,45.42,42.49,44.86,27432094.0
2018-05-25,39.33,40.02,38.55,38.95,3627853.0
2018-05-24,39.92,40.1,39.03,39.31,1888390.0
2018-05-23,39.16,39.8,38.77,39.46,2092743.0
2018-05-22,40.01,40.39,39.35,39.61,1451660.0
2018-05-21,40.42,41.2,39.17,39.89,3451784.0
2018-05-18,38.48,40.98,38.25,39.74,5970565.0
2018-05-17,37.67,39.38,37.21,38.31,3726732.0
2018-05-16,37.36,37.77,36.82,37.3,1808724.0
2018-05-15,37.35,37.6,36.42,37.36,3577484.0
2018-05-14,37.98,39.19,37.64,37.75,2630116.0
2018-05-11,38.54,38.54,37.05,37.73,1990366.0
2018-05-10,37.8,38.58,37.31,38.43,3624876.0
2018-05-09,37.89,38.31,37.32,37.56,2282503.0
2018-05-08,38.04,39.2,37.59,38.23,3302136.0
2018-05-07,35.48,38.18,35.11,38.03,4465054.0
2018-05-04,34.73,35.56,34.35,35.36,2166366.0
2018-05-03,35.07,35.29,34.25,35.08,2316664.0
2018-05-02,35.64,36.13,35.07,35.43,2764692.0
2018-05-01,34.9,35.66,34.66,35.58,2417777.0
2018-04-30,35.65,35.75,34.22,34.9,2762932.0
2018-04-27,36.02,36.2,35.13,35.75,2077184.0
2018-04-26,34.77,35.93,34.66,35.72,2165881.0
2018-04-25,34.92,35.0,33.4,34.3,2902525.0
2018-04-24,36.68,37.34,34.59,35.06,4369705.0
2018-04-23,36.45,36.99,36.0,36.58,3610912.0
2018-04-20,35.42,36.7,35.05,36.33,3701319.0
2018-04-19,35.3,35.9,34.89,35.76,2452158.0
2018-04-18,35.44,35.77,34.82,35.45,2837101.0
2018-04-17,34.5,35.56,34.16,35.42,5748803.0
2018-04-16,34.94,34.96,33.68,34.39,3437171.0
2018-04-13,35.65,35.68,33.42,34.67,5362949.0
2018-04-12,37.5,37.5,35.18,35.39,5728138.0
2018-04-11,36.59,37.85,36.59,37.4,2699112.0
2018-04-10,37.65,37.75,36.15,36.95,3120400.0
2018-04-09,36.62,37.59,36.55,36.79,2674294.0
2018-04-06,36.2,37.04,35.61,36.4,2074658.0
2018-04-05,37.5,37.99,36.66,37.07,2929277.0
2018-04-04,35.44,37.21,34.71,37.15,3146646.0
2018-04-03,37.45,38.07,36.75,37.29,2822923.0
2018-04-02,36.8,37.62,36.44,36.66,2894836.0
2018-03-29,36.05,37.52,35.84,37.38,4353898.0
2018-03-28,36.11,36.93,33.5,35.61,6197082.0
2018-03-27,39.3,39.48,35.53,36.02,5931243.0
2018-03-26,39.73,40.0,38.06,38.86,3979899.0
2018-03-23,38.44,39.85,38.39,38.9,5128478.0
2018-03-22,38.62,39.49,38.15,38.9,6870220.0
2018-03-21,38.56,40.45,38.36,39.82,7707244.0
2018-03-20,36.99,38.76,36.53,38.76,6711210.0
2018-03-19,36.71,37.78,36.18,36.98,4282887.0
2018-03-16,37.85,38.12,36.51,37.2,4805029.0
2018-03-15,37.5,37.97,37.3,37.85,3544057.0
2018-03-14,37.01,37.68,36.9,37.27,3897640.0
2018-03-13,37.11,37.28,36.12,36.82,3438987.0
2018-03-12,37.45,37.54,36.64,37.04,4090502.0
2018-03-09,36.1,37.62,35.74,37.54,8303579.0
2018-03-08,37.2,37.98,35.7,35.74,9367695.0
2018-03-07,37.85,37.86,35.17,37.02,23500017.0
2018-03-06,34.0,34.37,33.04,33.97,6086929.0
2018-03-05,32.56,33.65,32.37,33.27,4501111.0
2018-03-02,31.79,33.45,31.26,32.89,5187000.0
2018-03-01,33.2,33.9,31.56,31.83,5349190.0
2018-02-28,33.3,33.52,32.52,33.05,2962055.0
2018-02-27,33.98,34.49,33.14,33.48,4697670.0
2018-02-26,34.96,35.4,33.61,34.2,7931872.0
2018-02-23,33.58,35.87,33.13,35.75,17961176.0
2018-02-22,32.06,32.06,30.15,30.53,3919541.0
2018-02-21,32.7,33.14,31.94,31.97,2704230.0
2018-02-20,30.99,32.74,30.89,32.36,4696197.0
2018-02-16,30.76,31.5,30.71,31.05,2573885.0
2018-02-15,31.0,31.96,30.4,30.84,4493871.0
2018-02-14,28.27,30.68,28.27,30.55,5298151.0
2018-02-13,28.0,29.19,27.73,28.29,4228404.0
2018-02-12,28.33,28.67,27.99,28.32,2990191.0
2018-02-09,26.8,27.85,26.21,27.65,4173892.0
2018-02-08,28.2,28.49,26.38,26.38,5289684.0
2018-02-07,27.99,28.44,27.39,27.8,4010108.0
2018-02-06,27.35,28.87,26.98,28.08,8460483.0
2018-02-05,28.7,29.64,28.22,28.51,6846529.0
2018-02-02,30.63,30.94,29.29,29.83,4722843.0
2018-02-01,31.11,31.53,30.37,31.01,2856117.0
2018-01-31,31.51,31.93,31.23,31.53,3901499.0
2018-01-30,30.53,31.81,30.06,31.02,5525027.0
2018-01-29,31.35,32.18,30.73,31.69,8937279.0
2018-01-26,30.29,30.79,29.81,30.3,6719423.0
2018-01-25,29.03,29.83,28.68,29.76,5310120.0
2018-01-24,29.2,29.35,28.58,29.0,4332337.0
2018-01-23,29.06,29.19,28.45,29.05,5294340.0
2018-01-22,28.85,29.6,28.4,28.71,5704322.0
2018-01-19,27.61,29.21,27.61,28.6,7339989.0
2018-01-18,27.88,28.61,27.02,27.41,7542866.0
2018-01-17,25.49,28.33,25.42,27.95,13443711.0
2018-01-16,26.78,26.82,25.07,25.13,5642699.0
2018-01-12,26.99,27.12,26.32,26.47,4375298.0
2018-01-11,27.2,27.2,26.28,26.87,2640031.0
2018-01-10,26.7,26.98,25.88,26.79,3960829.0
2018-01-09,28.23,28.99,26.73,27.2,6151881.0
2018-01-08,27.79,28.75,27.48,27.94,6020081.0
2018-01-05,27.32,27.99,27.13,27.83,4679096.0
2018-01-04,26.16,27.87,25.92,26.87,5741208.0
2018-01-03,26.29,26.31,25.67,25.9,2772574.0
2018-01-02,24.84,26.08,24.84,25.86,3420947.0
2017-12-29,25.04,25.14,24.36,24.48,3205638.0
2017-12-28,25.61,25.87,24.9,25.12,1978190.0
2017-12-27,25.21,25.82,25.11,25.62,2158374.0
2017-12-26,25.52,25.65,25.08,25.23,2338736.0
2017-12-22,25.23,25.97,25.13,25.42,2635331.0
2017-12-21,25.96,26.15,25.23,25.47,4109199.0
2017-12-20,26.0,26.29,25.86,26.02,2672953.0
2017-12-19,25.5,26.26,25.41,25.86,4385691.0
2017-12-18,25.17,25.74,24.67,25.36,3179625.0
2017-12-15,24.9,25.23,24.83,25.08,3786034.0
2017-12-14,24.69,25.08,24.4,24.89,2539965.0
2017-12-13,24.99,25.66,24.72,24.77,3832506.0
2017-12-12,24.68,24.9,24.05,24.75,3028378.0
2017-12-11,24.26,25.47,24.2,24.77,4284854.0
2017-12-08,24.15,24.74,24.02,24.44,4142539.0
2017-12-07,23.47,24.42,23.45,23.8,3602983.0
2017-12-06,23.36,23.82,22.89,23.44,3765778.0
2017-12-05,24.22,24.69,23.6,23.84,6097761.0
2017-12-04,23.0,25.13,22.9,24.8,12953030.0
2017-12-01,23.5,23.85,22.49,22.56,9888655.0
2017-11-30,25.56,25.66,23.35,24.0,12555783.0
2017-11-29,25.9,26.33,25.28,25.51,11796680.0
2017-11-28,27.44,27.5,24.8,25.08,32510590.0
2017-11-27,32.25,32.27,30.55,30.9,6250038.0
2017-11-24,32.16,32.38,31.54,32.14,2091318.0
2017-11-22,32.16,32.41,31.4,32.11,4745058.0
2017-11-21,33.4,33.45,31.81,32.31,4907781.0
2017-11-20,31.25,33.37,31.25,32.94,5230585.0
2017-11-17,32.76,33.6,30.9,31.22,6880040.0
2017-11-16,31.3,32.87,31.24,32.16,7051722.0
2017-11-15,28.88,31.25,28.8,30.59,5958432.0
2017-11-14,29.84,29.88,29.0,29.19,2606581.0
2017-11-13,28.34,30.39,28.21,29.88,5031406.0
2017-11-10,28.97,28.97,28.11,28.35,2520037.0
2017-11-09,28.17,29.04,27.67,28.96,3557652.0
2017-11-08,28.2,28.63,27.11,28.45,5702117.0
2017-11-07,29.27,29.3,28.1,28.26,5352464.0
2017-11-06,29.99,30.15,29.1,29.32,3516021.0
2017-11-03,30.23,30.45,29.46,29.8,2255862.0
2017-11-02,30.3,30.67,29.69,30.28,2571669.0
2017-11-01,30.7,31.0,30.11,30.36,2402043.0
2017-10-31,29.66,30.58,29.62,30.47,3308318.0
2017-10-30,29.85,31.1,29.38,29.46,4400266.0
2017-10-27,29.43,30.06,29.2,29.43,3176993.0
2017-10-26,29.76,30.34,28.95,29.27,5273155.0
2017-10-25,31.15,31.36,28.08,29.56,9616999.0
2017-10-24,31.51,31.79,31.07,31.24,3305634.0
2017-10-23,31.98,32.06,31.17,31.58,3924338.0
2017-10-20,33.13,33.25,31.82,31.89,4585548.0
2017-10-19,33.16,33.61,32.72,32.81,4652527.0
2017-10-18,33.57,34.6,33.39,33.98,3533959.0
2017-10-17,34.62,35.49,33.25,33.35,6191151.0
2017-10-16,33.16,34.7,33.1,34.38,6882219.0
2017-10-13,32.17,33.29,32.0,32.83,3586537.0
2017-10-12,32.85,32.97,32.05,32.14,3634677.0
2017-10-11,32.03,32.87,31.9,32.78,3368931.0
2017-10-10,31.74,32.88,31.6,32.05,4689644.0
2017-10-09,32.0,32.09,31.31,31.47,2859802.0
2017-10-06,31.29,32.03,31.2,31.97,2957203.0
2017-10-05,31.81,31.9,31.05,31.41,3344384.0
2017-10-04,32.23,32.3,31.6,31.77,4047397.0
2017-10-03,32.32,32.6,32.02,32.28,4122828.0
2017-10-02,31.56,32.29,31.02,31.91,5243044.0
2017-09-29,32.28,32.42,31.12,31.34,7722634.0
2017-09-28,32.48,32.55,31.54,32.44,5383762.0
2017-09-27,32.86,33.02,32.08,32.67,4754962.0
2017-09-26,33.85,34.13,32.43,32.5,8052388.0
2017-09-25,34.31,34.5,33.08,33.65,6351935.0
2017-09-22,35.26,35.34,34.66,34.97,3587117.0
2017-09-21,35.06,35.68,34.08,35.42,4151175.0
2017-09-20,36.04,36.3,34.81,35.06,5610416.0
2017-09-19,37.12,37.14,35.81,36.09,4872407.0
2017-09-18,36.84,37.4,36.6,36.9,3984401.0
2017-09-15,36.48,36.82,36.28,36.57,4356581.0
2017-09-14,37.28,37.28,36.55,36.79,4485908.0
2017-09-13,37.81,37.92,37.13,37.31,4317045.0
2017-09-12,38.25,38.26,37.27,37.97,4089116.0
2017-09-11,38.16,38.5,37.57,38.15,4755073.0
2017-09-08,37.77,38.95,37.56,37.71,6724936.0
2017-09-07,37.44,38.09,37.11,37.82,4844607.0
2017-09-06,37.95,38.38,36.88,37.6,4537846.0
2017-09-05,37.3,38.42,37.02,37.93,5864418.0
2017-09-01,38.72,38.87,37.01,38.2,8593614.0
2017-08-31,37.56,38.6,36.64,38.53,16300005.0
2017-08-30,34.59,36.32,34.54,36.07,10489688.0
2017-08-29,32.8,34.68,32.7,34.08,7539352.0
2017-08-28,35.59,35.68,32.8,33.88,15679519.0
2017-08-25,38.42,38.68,35.1,35.59,15263541.0
2017-08-24,37.4,38.28,37.05,37.98,14103829.0
2017-08-23,36.06,37.85,35.77,36.74,16353842.0
2017-08-22,40.37,40.46,36.0,36.02,44582838.0
2017-08-21,44.88,45.11,43.8,45.08,6024567.0
2017-08-18,44.31,44.79,43.5,43.82,4247283.0
2017-08-17,44.51,45.64,43.9,44.01,3922212.0
2017-08-16,44.81,45.45,43.99,44.12,2904678.0
2017-08-15,44.87,45.09,43.9,44.23,2497285.0
2017-08-14,43.49,44.97,43.3,44.57,3866598.0
2017-08-11,41.81,42.59,40.5,42.1,4775954.0
2017-08-10,44.77,45.1,42.19,42.57,4589641.0
2017-08-09,45.1,45.77,44.44,45.35,6023969.0
2017-08-08,46.49,46.69,45.41,45.8,2946654.0
2017-08-07,44.43,46.18,43.95,45.99,4409129.0
2017-08-04,44.59,44.82,43.98,44.05,2196564.0
2017-08-03,43.69,44.68,43.29,44.55,2317834.0
2017-08-02,45.35,46.33,42.77,43.9,5280160.0
2017-08-01,44.25,45.15,43.98,45.04,2935900.0
2017-07-31,44.6,45.4,43.52,43.93,3891580.0
2017-07-28,42.92,44.59,42.5,44.06,2645551.0
2017-07-27,44.5,45.59,41.0,43.19,6937513.0
2017-07-26,44.05,44.18,43.5,44.01,2900302.0
2017-07-25,44.19,44.35,43.33,44.05,3046132.0
2017-07-24,42.5,44.75,42.46,43.99,6603822.0
2017-07-21,42.31,42.53,41.75,42.17,1988203.0
2017-07-20,42.38,42.98,42.17,42.33,3811439.0
2017-07-19,42.49,42.75,41.69,42.0,4336400.0
2017-07-18,40.51,42.02,40.38,42.0,4084132.0
2017-07-17,41.54,41.9,40.38,40.84,3536794.0
2017-07-14,40.56,41.57,40.28,41.37,3532850.0
2017-07-13,42.0,42.04,40.03,40.76,5455425.0
2017-07-12,41.5,42.0,41.15,41.87,3540601.0
2017-07-11,40.85,41.96,40.32,41.09,4417718.0
2017-07-10,39.46,41.11,39.0,40.74,6593115.0
2017-07-07,39.19,39.8,38.86,39.27,2567563.0
2017-07-06,37.89,39.19,37.75,38.81,3904881.0
2017-07-05,37.09,38.27,36.83,38.08,4481438.0
2017-07-04,36.94,36.94,36.94,36.94,0.0
2017-07-03,37.45,37.63,36.68,36.94,1746040.0
2017-06-30,37.06,37.52,36.69,36.96,2455033.0
2017-06-29,37.35,37.8,36.5,37.07,4560518.0
2017-06-28,37.19,37.98,36.11,37.96,4791049.0
2017-06-27,38.9,39.06,36.97,37.06,4505302.0
2017-06-26,39.55,40.0,38.31,39.38,4460136.0
2017-06-23,39.17,39.59,38.94,39.35,3229862.0
2017-06-22,37.51,39.08,36.91,38.93,5877659.0
2017-06-21,38.0,39.39,37.44,38.7,6692200.0
2017-06-20,37.8,38.0,37.31,37.89,4017980.0
2017-06-19,37.56,38.13,37.3,37.7,4211807.0
2017-06-16,36.27,37.7,36.27,36.89,3728556.0
2017-06-15,35.5,36.37,35.02,36.32,7781623.0
2017-06-14,38.05,38.14,36.1,36.54,7442624.0
2017-06-13,38.09,38.75,37.06,38.05,5287185.0
2017-06-12,37.0,38.8,36.88,37.59,10050653.0
2017-06-09,40.0,40.04,36.02,37.44,9817879.0
2017-06-08,41.41,41.45,38.08,39.99,9403578.0
2017-06-07,40.85,41.0,39.62,40.32,7466245.0
2017-06-06,39.99,42.27,39.91,40.71,9138668.0
2017-06-05,38.1,40.45,38.07,40.08,9570628.0
2017-06-02,37.49,38.12,37.28,38.07,4647000.0
2017-06-01,38.0,38.67,37.2,37.34,6466668.0
2017-05-31,37.41,38.47,37.0,38.04,18011437.0
2017-05-30,39.42,40.12,36.9,37.19,10540012.0
2017-05-29,39.14,39.14,39.14,39.14,0.0
2017-05-26,38.47,40.14,38.41,39.14,7550850.0
2017-05-25,39.63,39.63,36.49,38.41,14847237.0
2017-05-24,40.4,41.78,38.01,38.64,13369540.0
2017-05-23,44.99,45.2,38.85,41.07,27419838.0
2017-05-22,45.85,45.95,41.79,42.83,13329710.0
2017-05-19,42.4,44.12,42.0,43.58,7070987.0
2017-05-18,40.36,41.95,40.0,41.41,7835680.0
2017-05-17,42.29,42.63,40.0,40.28,12053639.0
2017-05-16,40.98,44.59,40.69,43.82,11312199.0
2017-05-15,40.65,41.21,39.71,40.11,5699847.0
2017-05-12,38.15,41.0,38.05,40.14,7041354.0
2017-05-11,38.18,38.69,37.32,38.41,3724631.0
2017-05-10,38.48,38.52,37.61,38.22,6087335.0
2017-05-09,38.78,39.0,38.2,38.58,5624669.0
2017-05-08,39.3,39.49,38.37,38.58,2628778.0
2017-05-05,38.74,39.21,38.29,39.12,2583745.0
2017-05-04,38.58,38.96,38.07,38.66,2585427.0
2017-05-03,39.53,39.56,37.77,38.3,3748417.0
2017-05-02,39.74,40.43,39.41,39.54,2661437.0
2017-05-01,38.28,39.95,38.15,39.43,4462592.0
2017-04-28,38.41,38.47,37.53,37.98,2575572.0
2017-04-27,37.29,38.62,37.27,38.38,4295833.0
2017-04-26,36.75,37.5,35.55,37.43,6133810.0
2017-04-25,38.62,38.7,37.92,38.16,3766041.0
2017-04-24,38.83,39.18,37.53,38.45,4030447.0
2017-04-21,38.32,38.54,37.33,38.32,3218046.0
2017-04-20,37.47,38.42,37.47,38.06,2797926.0
2017-04-19,37.05,38.15,36.73,37.21,4073367.0
2017-04-18,38.1,38.14,36.26,36.77,5412448.0
2017-04-17,38.44,38.65,37.5,38.4,2276222.0
2017-04-14,38.18,38.18,38.18,38.18,0.0
2017-04-13,37.6,38.95,37.52,38.18,3386042.0
2017-04-12,38.15,39.25,37.71,37.86,5523573.0
2017-04-11,37.94,38.99,36.66,37.37,6165344.0
2017-04-10,35.2,38.12,35.2,37.5,9642353.0
2017-04-07,34.64,35.65,34.34,34.93,4449384.0
2017-04-06,32.52,35.13,32.32,34.56,4799636.0
2017-04-05,34.2,34.26,32.8,32.89,4927831.0
2017-04-04,34.66,34.84,33.53,33.97,2675994.0
2017-04-03,34.25,35.02,33.76,34.84,4004430.0
2017-03-31,35.18,35.25,33.62,34.07,10478161.0
2017-03-30,34.11,36.18,34.05,35.52,7065118.0
2017-03-29,33.75,34.49,33.21,34.11,3431390.0
2017-03-28,33.9,34.89,33.67,33.8,3184241.0
2017-03-27,32.96,34.35,32.37,34.24,4547009.0
2017-03-24,33.54,34.16,33.02,33.33,2737258.0
2017-03-23,32.83,34.49,32.3,33.29,9269995.0
2017-03-22,31.76,33.47,31.6,32.81,5659146.0
2017-03-21,34.22,34.53,31.21,32.14,6336639.0
2017-03-20,35.02,35.76,33.4,34.25,5829721.0
2017-03-17,34.66,35.73,34.01,35.01,3713122.0
2017-03-16,34.17,35.22,33.77,34.73,5754706.0
2017-03-15,33.53,34.08,32.53,33.85,5408003.0
2017-03-14,31.21,33.8,30.91,33.66,7829040.0
2017-03-13,31.42,31.5,30.52,31.38,5227930.0
2017-03-10,31.0,31.59,30.43,30.78,6980570.0
2017-03-09,32.93,33.0,29.56,30.05,19831793.0
2017-03-08,30.8,34.35,30.28,34.19,14894800.0
2017-03-07,29.49,30.22,29.0,30.0,22321695.0
2017-03-06,27.35,27.47,26.32,26.61,3419241.0
2017-03-03,26.3,27.03,26.1,26.87,1767545.0
2017-03-02,27.24,27.38,26.5,26.61,1636038.0
2017-03-01,27.0,27.61,26.87,27.51,2266664.0
2017-02-28,26.0,26.8,25.93,26.64,1713994.0
2017-02-27,25.99,26.38,25.49,25.9,2603680.0
2017-02-24,24.94,25.93,24.78,25.86,1575544.0
2017-02-23,26.83,26.85,25.25,25.72,2984575.0
2017-02-22,27.8,27.82,26.85,26.93,1749430.0
2017-02-21,27.0,27.83,26.61,27.77,3542539.0
2017-02-20,27.0,27.0,27.0,27.0,0.0
2017-02-17,26.8,27.01,25.58,27.0,2797629.0
2017-02-16,26.37,27.05,26.17,26.8,3375432.0
2017-02-15,25.4,26.5,25.33,26.26,2173456.0
2017-02-14,25.55,25.59,24.96,25.41,936532.0
2017-02-13,24.95,25.82,24.66,25.4,3596072.0
2017-02-10,24.89,24.93,23.65,24.61,2678518.0
2017-02-09,24.99,25.3,24.56,24.88,2285859.0
2017-02-08,23.04,25.06,22.83,24.99,3769880.0
2017-02-07,22.97,23.19,22.55,22.77,954160.0
2017-02-06,23.08,23.08,22.51,22.88,1129047.0
2017-02-03,23.3,23.74,22.98,23.13,884911.0
2017-02-02,22.66,23.27,22.3,23.15,1205515.0
2017-02-01,22.91,22.96,22.3,22.77,845237.0
2017-01-31,22.2,22.74,21.94,22.73,749111.0
2017-01-30,22.76,22.85,21.53,22.48,1304374.0
2017-01-27,23.0,23.12,22.6,22.9,509578.0
2017-01-26,23.73,23.75,22.57,22.95,1405624.0
2017-01-25,23.77,23.79,23.21,23.65,952334.0
2017-01-24,23.48,23.86,23.21,23.55,1678663.0
2017-01-23,21.83,23.49,21.71,23.42,2598863.0
2017-01-20,22.06,22.39,21.72,21.86,581482.0
2017-01-19,22.07,22.22,21.77,21.95,599522.0
2017-01-18,21.8,22.23,21.63,21.99,657644.0
2017-01-17,21.78,22.22,21.39,21.77,1343318.0
2017-01-16,22.03,22.03,22.03,22.03,0.0
2017-01-13,21.78,22.1,21.3,22.03,1066127.0
2017-01-12,21.47,21.63,20.74,21.56,1075479.0
2017-01-11,22.03,22.46,21.0,21.72,1713831.0
2017-01-10,21.39,22.49,21.31,22.07,3005836.0
2017-01-09,20.39,21.3,20.35,21.27,1620572.0
2017-01-06,20.6,20.6,19.96,20.37,1351493.0
2017-01-05,19.29,20.7,19.2,20.52,2792695.0
2017-01-04,18.31,19.26,18.31,19.24,2418543.0
2017-01-03,18.7,18.85,18.23,18.3,848203.0
2017-01-02,18.38,18.38,18.38,18.38,0.0
2016-12-30,18.34,18.51,17.78,18.38,1392709.0
2016-12-29,18.87,19.06,18.22,18.36,704343.0
2016-12-28,18.99,19.62,18.67,18.79,1934487.0
2016-12-27,18.94,19.32,18.8,19.01,997437.0
2016-12-26,18.89,18.89,18.89,18.89,0.0
2016-12-23,18.34,18.95,18.3,18.89,1065003.0
2016-12-22,18.33,18.85,18.25,18.34,1627900.0
2016-12-21,17.78,19.06,17.77,18.56,2807484.0
2016-12-20,17.29,17.82,16.73,17.77,2906694.0
2016-12-19,18.08,18.09,17.0,17.16,4126296.0
2016-12-16,17.85,18.33,17.5,18.08,3052548.0
2016-12-15,19.3,19.3,18.06,18.1,3296749.0
2016-12-14,20.0,20.29,19.31,19.4,2530886.0
2016-12-13,20.54,20.95,19.99,20.02,1912552.0
2016-12-12,20.29,20.75,19.95,20.45,1662584.0
2016-12-09,20.84,20.98,20.37,20.5,683477.0
2016-12-08,20.77,20.94,20.23,20.87,1000367.0
2016-12-07,20.4,21.11,20.38,20.87,1370286.0
2016-12-06,20.7,20.93,19.93,20.36,1072808.0
2016-12-05,20.85,20.87,20.32,20.6,873131.0
2016-12-02,20.7,21.09,20.2,20.85,1400425.0
2016-12-01,21.49,21.72,20.38,20.65,2006457.0
2016-11-30,21.92,22.65,21.13,21.53,2658049.0
2016-11-29,20.95,22.08,20.62,21.85,3321287.0
2016-11-28,21.17,21.56,20.85,20.9,1350233.0
2016-11-25,21.73,21.78,20.93,21.49,1090459.0
2016-11-24,21.69,21.69,21.69,21.69,0.0
2016-11-23,21.3,21.79,20.56,21.69,1653949.0
2016-11-22,21.68,21.74,21.12,21.29,1399036.0
2016-11-21,21.51,21.85,20.99,21.41,1598562.0
2016-11-18,21.47,22.07,21.22,21.3,1377589.0
2016-11-17,22.0,22.1,21.0,21.35,1999824.0
2016-11-16,20.03,22.12,19.5,21.72,4450534.0
2016-11-15,20.49,21.7,20.48,20.52,3597809.0
2016-11-14,22.0,22.15,20.04,20.11,4429049.0
2016-11-11,22.14,22.35,21.32,21.84,2794502.0
2016-11-10,23.55,23.92,21.45,22.04,7019621.0
2016-11-09,23.02,24.45,23.0,23.51,4419105.0
2016-11-08,28.4,28.44,23.08,23.25,13052678.0
2016-11-07,24.72,26.75,24.6,26.72,4859718.0
2016-11-04,23.67,24.06,22.94,23.83,3375176.0
2016-11-03,23.16,24.05,22.84,23.7,2156986.0
2016-11-02,23.92,24.14,23.05,23.29,2223879.0
2016-11-01,24.11,24.76,23.5,23.82,2002859.0
2016-10-31,25.8,25.93,22.75,24.08,5225022.0
2016-10-28,25.4,26.37,25.12,25.54,1840584.0
2016-10-27,26.23,26.35,25.07,25.43,2149823.0
2016-10-26,26.2,26.61,25.63,26.08,1624130.0
2016-10-25,26.5,27.0,26.03,26.51,3088191.0
2016-10-24,24.59,26.88,24.59,26.61,5622950.0
2016-10-21,24.66,24.77,24.05,24.48,1208390.0
2016-10-20,24.5,24.88,24.3,24.64,2070057.0
2016-10-19,24.37,24.59,23.87,24.25,2183525.0
2016-10-18,23.88,24.45,23.8,24.09,1883174.0
2016-10-17,23.4,24.04,23.31,23.51,1466313.0
2016-10-14,24.78,25.15,23.46,23.5,3180611.0
2016-10-13,23.58,24.18,22.55,24.11,4863711.0
2016-10-12,24.82,25.22,24.1,24.29,3024766.0
2016-10-11,25.8,26.01,24.43,24.82,4122775.0
2016-10-10,23.91,26.65,23.91,26.18,6154852.0
2016-10-07,24.33,24.78,23.3,23.6,2058797.0
2016-10-06,24.67,25.27,23.75,24.41,2911559.0
2016-10-05,24.62,26.24,24.04,24.85,7683896.0
2016-10-04,22.2,24.68,22.2,24.48,6505055.0
2016-10-03,22.62,22.62,21.41,22.09,1828502.0
2016-09-30,23.0,23.19,22.31,22.5,1944916.0
2016-09-29,23.1,23.92,22.54,22.8,2177899.0
2016-09-28,23.5,23.5,22.12,23.06,1941281.0
2016-09-27,22.7,23.74,22.7,23.3,2737089.0
2016-09-26,23.18,23.3,22.08,22.48,2711538.0
2016-09-23,23.84,24.0,23.18,23.55,1746236.0
2016-09-22,23.86,24.77,23.23,23.67,3470131.0
2016-09-21,23.76,23.88,22.95,23.47,3253575.0
2016-09-20,23.39,23.9,23.05,23.64,1680059.0
2016-09-19,24.5,24.78,22.74,23.49,3478582.0
2016-09-16,23.78,24.39,23.09,24.03,2080862.0
2016-09-15,23.4,24.28,23.32,23.62,4210799.0
2016-09-14,22.1,23.15,22.1,22.92,4654944.0
2016-09-13,23.0,23.2,21.42,22.5,5097508.0
2016-09-12,20.67,23.95,20.15,23.59,6958310.0
2016-09-09,24.28,24.47,20.98,21.66,6613725.0
2016-09-08,23.93,24.69,23.33,24.47,3404647.0
2016-09-07,24.07,24.2,22.77,24.02,4789056.0
2016-09-06,25.36,25.36,23.45,24.28,6443265.0
2016-09-05,24.48,24.48,24.48,24.48,0.0
2016-09-02,23.89,25.62,23.89,24.48,6274715.0
2016-09-01,24.11,24.7,23.54,24.0,5075945.0
2016-08-31,22.72,24.05,22.1,24.01,6022130.0
2016-08-30,22.0,23.14,22.0,22.61,5701314.0
2016-08-29,21.66,22.83,21.11,22.01,7416280.0
2016-08-26,21.0,21.98,20.25,21.6,5317238.0
2016-08-25,19.38,21.09,19.29,20.94,3873835.0
2016-08-24,20.15,20.88,19.27,19.61,6121570.0
2016-08-23,17.3,20.25,17.25,19.8,8662344.0
2016-08-22,15.72,17.34,15.72,17.31,4488814.0
2016-08-19,16.0,16.33,15.78,16.04,955598.0
2016-08-18,14.89,16.4,14.88,16.01,4752556.0
2016-08-17,15.89,16.23,15.41,15.58,1654743.0
2016-08-16,17.27,17.49,15.25,16.09,7415837.0
2016-08-15,15.59,16.4,15.1,16.13,3625842.0
2016-08-12,15.1,15.15,14.9,15.0,1020807.0
2016-08-11,14.79,15.0,14.7,14.94,864096.0
2016-08-10,14.99,15.0,14.76,14.79,438912.0
2016-08-09,15.0,15.03,14.81,14.89,726561.0
2016-08-08,14.73,15.0,14.73,14.92,671640.0
2016-08-05,14.96,15.01,14.65,14.71,562751.0
2016-08-04,14.9,15.03,14.7,14.88,485663.0
2016-08-03,14.89,15.1,14.71,14.92,833402.0
2016-08-02,14.35,15.29,14.28,15.01,1789315.0
2016-08-01,13.32,14.65,13.32,14.44,1702032.0
2016-07-29,13.15,13.44,13.0,13.23,392789.0
2016-07-28,13.51,13.51,13.13,13.21,273596.0
2016-07-27,13.59,13.66,12.98,13.39,1044116.0
2016-07-26,13.31,13.65,13.15,13.5,863077.0
2016-07-25,13.25,13.68,13.13,13.53,918857.0
2016-07-22,13.05,13.16,12.89,13.15,405206.0
2016-07-21,13.18,13.3,12.92,12.98,672412.0
2016-07-20,12.85,13.15,12.73,13.1,525590.0
2016-07-19,12.7,12.88,12.67,12.77,292421.0
2016-07-18,12.57,12.97,12.48,12.76,571759.0
2016-07-15,12.69,13.04,12.43,12.5,559195.0
2016-07-14,12.71,13.15,12.38,12.69,864379.0
2016-07-13,12.71,12.8,12.03,12.21,727724.0
2016-07-12,12.69,13.19,12.6,12.62,1239528.0
2016-07-11,11.99,13.47,11.92,12.55,2763162.0
2016-07-08,11.59,11.78,10.84,11.68,1036027.0
2016-07-07,10.01,11.73,10.01,11.65,3255814.0
2016-07-06,9.34,9.97,9.04,9.91,948118.0
2016-07-05,9.95,10.0,8.88,9.36,1204792.0
2016-07-04,9.95,9.95,9.95,9.95,0.0
2016-07-01,10.1,10.17,9.86,9.95,598590.0
2016-06-30,10.0,10.27,9.68,10.11,1110692.0
2016-06-29,10.53,10.62,10.01,10.18,739641.0
2016-06-28,10.3,10.62,10.3,10.43,482254.0
2016-06-27,10.55,10.61,10.15,10.24,878202.0
2016-06-24,10.08,10.82,9.9,10.7,1246325.0
2016-06-23,10.84,10.97,10.5,10.74,1218647.0
2016-06-22,11.28,11.28,10.68,10.75,1144649.0
2016-06-21,11.58,11.67,11.17,11.22,321835.0
2016-06-20,11.47,11.87,11.3,11.51,446015.0
2016-06-17,11.23,11.52,11.09,11.45,768297.0
2016-06-16,11.93,12.04,11.02,11.17,1124320.0
2016-06-15,11.89,12.12,11.8,12.08,708928.0
2016-06-14,12.29,12.34,11.77,12.02,602761.0
2016-06-13,12.1,12.57,12.1,12.37,371265.0
2016-06-10,12.41,12.44,12.15,12.18,679467.0
2016-06-09,12.56,12.75,12.46,12.54,190345.0
2016-06-08,12.78,12.85,12.55,12.61,309071.0
2016-06-07,12.81,12.91,12.7,12.82,313220.0
2016-06-06,12.6,13.0,12.5,12.92,634465.0
2016-06-03,12.6,12.63,12.37,12.53,362849.0
2016-06-02,12.74,12.75,12.56,12.67,264467.0
2016-06-01,12.65,12.88,12.45,12.63,743679.0
2016-05-31,12.62,12.79,12.45,12.78,1065830.0
2016-05-30,12.57,12.57,12.57,12.57,0.0
2016-05-27,12.17,12.66,12.1,12.57,580672.0
2016-05-26,12.02,12.48,11.96,12.34,595069.0
2016-05-25,12.6,12.65,11.91,11.99,1418420.0
2016-05-24,12.35,12.98,12.05,12.9,1271278.0
