Date,Open,High,Low,Close,Volume
2019-05-23,18.19,18.43,18.12,18.42,3654270.0
2019-05-22,18.15,18.36,18.13,18.29,2283260.0
2019-05-21,18.12,18.26,18.08,18.21,1956877.0
2019-05-20,18.24,18.24,17.96,17.98,2453977.0
2019-05-17,18.18,18.28,18.07,18.24,2016399.0
2019-05-16,18.0,18.32,17.95,18.24,2147530.0
2019-05-15,18.05,18.16,17.97,18.09,2452081.0
2019-05-14,17.94,18.01,17.85,17.98,2201839.0
2019-05-13,17.72,17.99,17.71,17.94,2187357.0
2019-05-10,17.58,17.93,17.56,17.88,2030600.0
2019-05-09,17.64,17.69,17.42,17.6,1708208.0
2019-05-08,17.76,17.84,17.63,17.63,2614798.0
2019-05-07,17.87,17.91,17.53,17.64,3221215.0
2019-05-06,17.83,18.09,17.7,17.92,2948349.0
2019-05-03,17.82,18.14,17.74,18.1,3346696.0
2019-05-02,17.26,17.94,17.18,17.65,3601786.0
2019-05-01,17.55,17.67,17.41,17.43,2966066.0
2019-04-30,17.28,17.59,17.22,17.46,2952266.0
2019-04-29,17.49,17.52,17.25,17.25,2123143.0
2019-04-26,17.6,17.63,17.46,17.48,2657102.0
2019-04-25,17.53,17.61,17.35,17.46,2006362.0
2019-04-24,17.25,17.57,17.2,17.53,2901950.0
2019-04-23,17.07,17.26,17.03,17.22,4438781.0
2019-04-22,17.2,17.21,16.83,16.98,4520027.0
2019-04-18,17.28,17.31,17.18,17.24,5166618.0
2019-04-17,18.02,18.02,17.22,17.26,5187615.0
2019-04-16,18.42,18.54,17.83,17.95,4132258.0
2019-04-15,18.68,18.75,18.37,18.41,4402977.0
2019-04-12,18.78,18.8,18.57,18.76,2116915.0
2019-04-11,18.84,18.9,18.73,18.85,2201682.0
2019-04-10,18.65,18.86,18.62,18.82,2558814.0
2019-04-09,18.59,18.65,18.49,18.5,1885638.0
2019-04-08,18.75,18.75,18.52,18.62,2526781.0
2019-04-05,18.65,18.76,18.59,18.75,1613774.0
2019-04-04,18.84,18.86,18.56,18.68,3779873.0
2019-04-03,18.83,18.92,18.69,18.84,2987634.0
2019-04-02,18.75,18.86,18.55,18.83,3108652.0
2019-04-01,18.53,18.74,18.35,18.74,3781421.0
2019-03-29,18.7,18.75,18.47,18.51,5302694.0
2019-03-28,18.66,18.73,18.53,18.69,3530797.0
2019-03-27,18.7,18.75,18.48,18.54,3019897.0
2019-03-26,18.74,18.85,18.61,18.66,3987633.0
2019-03-25,18.53,18.68,18.38,18.64,2227431.0
2019-03-22,18.8,18.89,18.52,18.54,2639956.0
2019-03-21,18.28,18.87,18.25,18.84,2732789.0
2019-03-20,18.2,18.43,17.97,18.34,3065326.0
2019-03-19,18.22,18.26,18.07,18.2,4773449.0
2019-03-18,18.31,18.38,18.07,18.23,2966074.0
2019-03-15,18.47,18.51,18.27,18.3,7376258.0
2019-03-14,18.33,18.5,18.3,18.47,4664243.0
2019-03-13,18.06,18.38,18.05,18.25,3829439.0
2019-03-12,18.5,18.55,18.23,18.25,4737074.0
2019-03-11,18.12,18.52,18.12,18.49,3706092.0
2019-03-08,18.1,18.27,17.97,18.04,3552111.0
2019-03-07,18.14,18.35,18.1,18.15,5725143.0
2019-03-06,18.2,18.23,18.03,18.08,2834785.0
2019-03-05,18.29,18.38,18.18,18.2,3635127.0
2019-03-04,18.14,18.32,18.0,18.32,3290993.0
2019-03-01,18.28,18.37,17.92,18.08,3703501.0
2019-02-28,18.22,18.48,18.17,18.23,3347852.0
2019-02-27,18.25,18.32,18.04,18.26,2791158.0
2019-02-26,18.47,18.5,18.26,18.28,2155270.0
2019-02-25,18.51,18.54,18.38,18.43,2723891.0
2019-02-22,18.42,18.6,18.29,18.5,2561237.0
2019-02-21,18.2,18.35,18.08,18.32,2596584.0
2019-02-20,18.47,18.48,18.02,18.24,4138153.0
2019-02-19,18.41,18.56,18.4,18.48,3114005.0
2019-02-15,18.39,18.46,18.27,18.36,5575210.0
2019-02-14,18.36,18.45,18.27,18.33,3219915.0
2019-02-13,18.39,18.5,18.15,18.36,4477238.0
2019-02-12,18.43,18.48,18.1,18.15,5575211.0
2019-02-11,18.44,18.56,18.27,18.49,4413736.0
2019-02-08,18.29,18.47,18.18,18.46,2405149.0
2019-02-07,18.04,18.37,17.77,18.37,3896509.0
2019-02-06,18.1,18.18,17.85,17.85,3486799.0
2019-02-05,18.01,18.08,17.81,18.07,4365566.0
2019-02-04,17.61,17.97,17.42,17.97,4140573.0
2019-02-01,18.3,18.35,17.46,17.67,4586283.0
2019-01-31,18.05,18.2,17.84,18.2,4405563.0
2019-01-30,17.85,18.07,17.76,18.0,2789882.0
2019-01-29,17.64,17.81,17.59,17.77,2273788.0
2019-01-28,17.53,17.67,17.43,17.63,2585486.0
2019-01-25,17.19,17.55,17.19,17.54,3454937.0
2019-01-24,17.11,17.28,16.99,17.16,1775406.0
2019-01-23,17.0,17.15,16.91,17.14,1779145.0
2019-01-22,17.07,17.15,16.82,16.99,2196960.0
2019-01-18,17.08,17.14,16.94,17.09,2134130.0
2019-01-17,16.87,17.13,16.87,17.04,2569949.0
2019-01-16,16.57,17.01,16.57,16.93,2950360.0
2019-01-15,16.46,16.67,16.45,16.53,3894110.0
2019-01-14,16.51,16.62,16.41,16.41,5298760.0
2019-01-11,16.55,16.62,16.46,16.6,2814491.0
2019-01-10,16.5,16.63,16.3,16.52,4880610.0
2019-01-09,16.73,16.78,16.43,16.5,4513213.0
2019-01-08,16.46,16.7,16.34,16.61,3674670.0
2019-01-07,16.15,16.48,15.96,16.32,6352053.0
2019-01-04,16.2,16.4,16.04,16.05,3424399.0
2019-01-03,15.6,16.28,15.55,16.11,5065367.0
2019-01-02,15.84,15.88,15.5,15.63,3194473.0
2018-12-31,16.1,16.12,15.8,16.08,2794562.0
2018-12-28,16.15,16.27,15.82,16.01,3512301.0
2018-12-27,15.98,16.12,15.54,16.1,3161272.0
2018-12-26,15.33,16.14,15.28,16.14,3801351.0
2018-12-24,16.1,16.18,15.25,15.3,2761832.0
2018-12-21,16.51,16.77,16.18,16.25,8047617.0
2018-12-20,16.45,16.67,16.3,16.51,5922072.0
2018-12-19,16.6,16.75,16.27,16.41,3707809.0
2018-12-18,16.18,16.53,16.14,16.31,3462988.0
2018-12-17,16.9,16.91,16.05,16.11,3525970.0
2018-12-14,16.87,16.89,16.75,16.85,2207250.0
2018-12-13,16.77,17.04,16.77,16.94,3166206.0
2018-12-12,17.0,17.1,16.65,16.7,4222539.0
2018-12-11,17.2,17.3,17.02,17.02,5065144.0
2018-12-10,17.0,17.08,16.76,16.98,3058921.0
2018-12-07,17.43,17.43,16.85,16.97,12131385.0
2018-12-06,17.22,17.52,16.77,17.49,3471453.0
2018-12-04,17.36,17.52,17.17,17.27,3914083.0
2018-12-03,17.4,17.44,17.17,17.36,3742734.0
2018-11-30,17.14,17.34,17.06,17.27,5153277.0
2018-11-29,16.95,17.18,16.83,17.15,4541205.0
2018-11-28,16.7,16.98,16.58,16.94,2625129.0
2018-11-27,16.48,16.77,16.43,16.72,3058062.0
2018-11-26,16.54,16.56,16.37,16.46,2068801.0
2018-11-23,16.46,16.57,16.35,16.47,1240160.0
2018-11-21,16.59,16.61,16.47,16.5,2020966.0
2018-11-20,16.56,16.73,16.53,16.61,2625925.0
2018-11-19,16.61,16.72,16.49,16.62,2175782.0
2018-11-16,16.33,16.61,16.27,16.61,2498575.0
2018-11-15,16.31,16.35,16.02,16.35,3369295.0
2018-11-14,16.56,16.56,16.28,16.36,2567707.0
2018-11-13,16.71,16.78,16.46,16.54,3878273.0
2018-11-12,16.72,16.9,16.53,16.6,3193968.0
2018-11-09,16.6,16.85,16.58,16.72,3628180.0
2018-11-08,16.67,16.73,16.4,16.59,2586319.0
2018-11-07,16.46,16.74,16.36,16.74,4654712.0
2018-11-06,16.12,16.38,15.95,16.33,5088186.0
2018-11-05,15.42,16.15,15.42,16.07,6143278.0
2018-11-02,15.55,15.57,15.07,15.34,4169652.0
2018-11-01,14.89,15.56,14.83,15.5,3713615.0
2018-10-31,15.05,15.09,14.8,14.86,2590952.0
2018-10-30,14.89,15.15,14.82,15.04,3276969.0
2018-10-29,14.84,15.08,14.76,14.84,3126299.0
2018-10-26,15.05,15.1,14.62,14.76,2037722.0
2018-10-25,14.91,15.18,14.79,15.08,2463234.0
2018-10-24,14.74,15.06,14.67,14.95,3289361.0
2018-10-23,14.51,14.84,14.46,14.71,2328771.0
2018-10-22,14.75,14.82,14.48,14.53,1662466.0
2018-10-19,14.65,14.76,14.62,14.72,1608648.0
2018-10-18,14.6,14.73,14.55,14.63,1579761.0
2018-10-17,14.55,14.71,14.49,14.59,2613649.0
2018-10-16,14.25,14.59,14.19,14.55,1588770.0
2018-10-15,14.06,14.32,14.06,14.24,1427544.0
2018-10-12,14.24,14.3,13.98,14.06,2577693.0
2018-10-11,14.55,14.6,14.11,14.11,3002685.0
2018-10-10,14.54,14.78,14.5,14.54,2012178.0
2018-10-09,14.57,14.63,14.48,14.6,1342381.0
2018-10-08,14.36,14.61,14.36,14.54,1709231.0
2018-10-05,14.17,14.42,14.16,14.29,1409690.0
2018-10-04,14.14,14.27,14.03,14.13,2597274.0
2018-10-03,14.58,14.62,14.14,14.26,3649420.0
2018-10-02,14.71,14.74,14.55,14.56,1410448.0
2018-10-01,14.89,14.95,14.7,14.71,3488261.0
2018-09-28,14.5,14.93,14.49,14.91,2868191.0
2018-09-27,14.39,14.54,14.37,14.46,1529635.0
2018-09-26,14.48,14.53,14.34,14.38,1638668.0
2018-09-25,14.41,14.57,14.38,14.48,2272076.0
2018-09-24,14.68,14.71,14.29,14.43,2377293.0
2018-09-21,14.71,14.8,14.64,14.69,2442268.0
2018-09-20,14.53,14.72,14.48,14.71,1658702.0
2018-09-19,14.79,14.8,14.48,14.53,1630066.0
2018-09-18,14.72,14.78,14.66,14.77,2406110.0
2018-09-17,14.66,14.72,14.58,14.71,2232121.0
2018-09-14,14.8,14.84,14.54,14.66,2335439.0
2018-09-13,14.84,14.92,14.77,14.83,1859438.0
2018-09-12,14.9,14.92,14.76,14.77,2088068.0
2018-09-11,15.05,15.24,15.0,15.11,2658361.0
2018-09-10,14.98,15.17,14.91,15.12,2226842.0
2018-09-07,14.95,14.98,14.85,14.89,1675940.0
2018-09-06,15.02,15.06,14.94,14.97,2040334.0
2018-09-05,14.95,15.09,14.85,14.99,2363714.0
2018-09-04,15.02,15.08,14.83,14.93,2188720.0
2018-08-31,14.95,15.07,14.9,15.05,1532953.0
2018-08-30,15.01,15.01,14.91,14.93,1029692.0
2018-08-29,14.99,15.04,14.89,14.96,1343105.0
2018-08-28,14.78,14.98,14.75,14.97,1254606.0
2018-08-27,14.97,15.0,14.72,14.78,2046572.0
2018-08-24,14.84,14.92,14.79,14.91,1060704.0
2018-08-23,14.92,14.93,14.84,14.85,773506.0
2018-08-22,14.9,15.0,14.8,14.89,1086640.0
2018-08-21,14.99,15.07,14.91,15.0,1566781.0
2018-08-20,14.95,15.06,14.91,14.95,2061646.0
2018-08-17,14.71,14.94,14.68,14.93,2734260.0
2018-08-16,14.69,14.77,14.59,14.69,3620154.0
2018-08-15,14.6,14.8,14.59,14.69,2795895.0
2018-08-14,14.47,14.61,14.44,14.6,2246466.0
2018-08-13,14.39,14.46,14.32,14.43,2078078.0
2018-08-10,14.59,14.68,14.37,14.38,2876497.0
2018-08-09,14.76,14.92,14.76,14.78,1406574.0
2018-08-08,14.91,14.91,14.72,14.73,1108734.0
2018-08-07,14.76,14.9,14.71,14.88,1760907.0
2018-08-06,14.6,14.8,14.59,14.79,2660681.0
2018-08-03,14.34,14.62,14.31,14.58,2040117.0
2018-08-02,14.33,14.44,14.25,14.29,1636876.0
2018-08-01,14.29,14.45,14.12,14.44,1298856.0
2018-07-31,14.15,14.45,14.15,14.41,2249607.0
2018-07-30,14.07,14.15,13.96,14.12,1082546.0
2018-07-27,14.23,14.26,13.93,14.05,1564602.0
2018-07-26,14.18,14.31,14.14,14.2,2499948.0
2018-07-25,14.15,14.25,14.13,14.18,1231111.0
2018-07-24,14.23,14.23,14.05,14.11,1600540.0
2018-07-23,14.18,14.2,14.06,14.19,1083161.0
2018-07-20,14.29,14.35,14.1,14.18,1600058.0
2018-07-19,14.07,14.43,14.02,14.33,1874589.0
2018-07-18,14.13,14.23,13.9,14.07,1577302.0
2018-07-17,14.22,14.28,14.08,14.17,2411263.0
2018-07-16,14.34,14.35,14.23,14.34,1000788.0
2018-07-13,14.38,14.44,14.28,14.34,1341473.0
2018-07-12,14.38,14.44,14.31,14.37,1749927.0
2018-07-11,14.37,14.51,14.35,14.39,1886127.0
2018-07-10,14.35,14.48,14.35,14.38,1595520.0
2018-07-09,14.46,14.52,14.25,14.35,1748323.0
2018-07-06,14.29,14.52,14.27,14.45,1419936.0
2018-07-05,14.16,14.27,14.06,14.26,1241662.0
2018-07-03,13.94,14.22,13.89,14.12,1028857.0
2018-07-02,14.01,14.07,13.79,13.94,1453370.0
2018-06-29,14.02,14.12,13.91,14.04,1920808.0
2018-06-28,13.91,14.07,13.89,14.04,1213553.0
2018-06-27,14.05,14.09,13.9,13.9,1201063.0
2018-06-26,14.09,14.13,14.02,14.02,1279279.0
2018-06-25,14.12,14.13,13.96,14.06,1929013.0
2018-06-22,14.08,14.18,14.01,14.11,2064706.0
2018-06-21,14.08,14.15,14.04,14.08,1001538.0
2018-06-20,13.9,14.09,13.87,14.06,1905364.0
2018-06-19,13.89,14.0,13.85,13.9,1760404.0
2018-06-18,13.89,14.02,13.8,13.92,1214001.0
2018-06-15,13.83,13.96,13.83,13.91,2969450.0
2018-06-14,13.7,13.91,13.7,13.82,1611586.0
2018-06-13,13.91,13.91,13.57,13.62,2000176.0
2018-06-12,13.93,14.12,13.9,14.08,1981573.0
2018-06-11,13.95,13.98,13.87,13.93,1380477.0
2018-06-08,13.85,13.98,13.84,13.96,1953922.0
2018-06-07,13.68,13.91,13.67,13.84,2646370.0
2018-06-06,13.58,13.66,13.54,13.66,1453053.0
2018-06-05,13.7,13.73,13.58,13.6,1939993.0
2018-06-04,13.68,13.68,13.55,13.66,1660220.0
2018-06-01,13.58,13.66,13.55,13.62,1603462.0
2018-05-31,13.56,13.63,13.54,13.57,2403188.0
2018-05-30,13.43,13.61,13.36,13.55,2256564.0
2018-05-29,13.28,13.45,13.26,13.44,2235299.0
2018-05-25,13.28,13.36,13.25,13.31,1831727.0
2018-05-24,13.39,13.39,13.14,13.27,1703031.0
2018-05-23,13.18,13.42,13.14,13.31,2577983.0
2018-05-22,13.12,13.2,13.09,13.13,1874001.0
2018-05-21,13.08,13.18,12.95,13.12,2095620.0
2018-05-18,13.09,13.18,13.0,13.03,1426776.0
2018-05-17,13.2,13.25,13.03,13.08,1567078.0
2018-05-16,13.21,13.31,13.15,13.22,1827930.0
2018-05-15,13.17,13.23,13.14,13.16,1791364.0
2018-05-14,13.4,13.45,13.28,13.3,1394709.0
2018-05-11,13.49,13.5,13.39,13.39,1077365.0
2018-05-10,13.31,13.46,13.29,13.44,1487110.0
2018-05-09,13.15,13.28,13.12,13.22,1627398.0
2018-05-08,13.27,13.27,13.1,13.16,2050313.0
2018-05-07,13.11,13.35,13.1,13.29,1820638.0
2018-05-04,12.91,13.18,12.9,13.13,1407801.0
2018-05-03,12.85,13.05,12.74,12.91,1814917.0
2018-05-02,12.85,12.93,12.66,12.9,1984742.0
2018-05-01,12.79,12.97,12.58,12.89,2545521.0
2018-04-30,12.84,12.85,12.7,12.78,1908156.0
2018-04-27,12.58,12.84,12.56,12.81,1925995.0
2018-04-26,12.43,12.56,12.35,12.5,1847771.0
2018-04-25,12.39,12.44,12.27,12.35,2554649.0
2018-04-24,12.41,12.52,12.36,12.46,1504476.0
2018-04-23,12.43,12.46,12.25,12.35,2226455.0
2018-04-20,12.55,12.6,12.4,12.44,2078446.0
2018-04-19,12.64,12.66,12.43,12.53,1856963.0
2018-04-18,12.73,12.79,12.67,12.69,1125108.0
2018-04-17,12.62,12.78,12.6,12.73,2740110.0
2018-04-16,12.58,12.7,12.52,12.62,2112816.0
2018-04-13,12.5,12.58,12.41,12.55,1245463.0
2018-04-12,12.78,12.79,12.47,12.47,1816986.0
2018-04-11,12.74,12.88,12.71,12.73,2069266.0
2018-04-10,12.74,12.87,12.71,12.77,3237644.0
2018-04-09,12.7,12.79,12.59,12.68,1980941.0
2018-04-06,12.82,12.96,12.67,12.69,3117700.0
2018-04-05,12.86,12.93,12.69,12.84,1260005.0
2018-04-04,12.7,12.93,12.65,12.87,2356548.0
2018-04-03,12.54,12.86,12.47,12.77,2481982.0
2018-04-02,13.0,13.02,12.47,12.52,3943097.0
2018-03-29,12.95,13.07,12.87,13.0,2954859.0
2018-03-28,12.67,13.03,12.67,12.94,5437756.0
2018-03-27,12.51,12.77,12.38,12.61,2674318.0
2018-03-26,12.56,12.62,12.43,12.5,2078845.0
2018-03-23,12.65,12.74,12.38,12.48,3208810.0
2018-03-22,12.68,12.89,12.62,12.62,2310735.0
2018-03-21,12.74,12.79,12.58,12.68,1982155.0
2018-03-20,12.88,12.97,12.7,12.77,2436208.0
2018-03-19,12.89,12.89,12.7,12.87,3072146.0
2018-03-16,12.89,13.02,12.79,12.89,3709688.0
2018-03-15,12.91,12.96,12.8,12.88,1563686.0
2018-03-14,12.94,13.01,12.81,12.91,1959186.0
2018-03-13,13.27,13.4,13.17,13.2,2372153.0
2018-03-12,13.06,13.27,13.05,13.25,1959211.0
2018-03-09,13.01,13.09,12.93,13.06,1749045.0
2018-03-08,12.99,13.08,12.89,12.98,1619558.0
2018-03-07,12.8,12.98,12.8,12.95,2827906.0
2018-03-06,12.67,12.93,12.58,12.86,2722986.0
2018-03-05,12.55,12.78,12.55,12.68,2300698.0
2018-03-02,12.51,12.59,12.39,12.56,2808801.0
2018-03-01,12.24,12.68,12.24,12.53,2781918.0
2018-02-28,12.39,12.43,12.25,12.26,1901408.0
2018-02-27,12.57,12.65,12.3,12.3,2203888.0
2018-02-26,12.69,12.7,12.5,12.57,2007607.0
2018-02-23,12.61,12.69,12.52,12.66,1876400.0
2018-02-22,12.44,12.7,12.4,12.53,1938434.0
2018-02-21,12.5,12.65,12.33,12.34,1812084.0
2018-02-20,12.72,12.86,12.48,12.5,2110909.0
2018-02-16,12.54,12.93,12.52,12.8,3833723.0
2018-02-15,12.36,12.52,12.32,12.46,2218589.0
2018-02-14,12.3,12.44,12.2,12.34,2956629.0
2018-02-13,12.26,12.49,12.12,12.43,2389297.0
2018-02-12,12.49,12.54,11.97,12.29,3267709.0
2018-02-09,11.97,12.55,11.9,12.44,3694686.0
2018-02-08,12.41,12.49,11.88,11.88,3878398.0
2018-02-07,12.32,12.5,12.17,12.25,2711768.0
2018-02-06,12.2,12.45,11.82,12.38,4981776.0
2018-02-05,12.56,12.66,12.22,12.23,3548604.0
2018-02-02,12.55,12.67,12.29,12.61,2271766.0
2018-02-01,13.08,13.15,12.55,12.6,3458882.0
2018-01-31,12.92,13.09,12.86,13.08,2228314.0
2018-01-30,12.93,12.99,12.85,12.85,1792540.0
2018-01-29,13.08,13.1,12.93,13.01,1569516.0
2018-01-26,13.3,13.33,13.1,13.14,1545832.0
2018-01-25,13.18,13.31,13.15,13.3,1566775.0
2018-01-24,13.24,13.29,13.1,13.16,1486098.0
2018-01-23,13.1,13.22,13.06,13.22,1393874.0
2018-01-22,12.9,13.08,12.86,13.08,1739230.0
2018-01-19,12.78,12.9,12.77,12.9,1705183.0
2018-01-18,12.95,13.0,12.78,12.83,1592307.0
2018-01-17,12.89,13.09,12.84,13.03,1961039.0
2018-01-16,12.82,13.0,12.8,12.82,1778704.0
2018-01-12,12.79,12.85,12.68,12.76,2015224.0
2018-01-11,12.92,13.0,12.81,12.82,2253935.0
2018-01-10,13.01,13.04,12.83,12.92,2840416.0
2018-01-09,13.29,13.31,13.07,13.09,3029181.0
2018-01-08,13.28,13.34,13.14,13.31,3326134.0
2018-01-05,13.49,13.5,13.2,13.28,3515742.0
2018-01-04,13.82,13.83,13.53,13.55,1361161.0
2018-01-03,13.85,13.88,13.66,13.79,1816809.0
2018-01-02,13.78,13.89,13.72,13.83,1582104.0
2017-12-29,13.77,13.88,13.72,13.78,2187666.0
2017-12-28,13.68,13.78,13.62,13.77,1595782.0
2017-12-27,13.72,13.74,13.65,13.66,1880024.0
2017-12-26,13.59,13.71,13.57,13.65,1054894.0
2017-12-22,13.56,13.64,13.54,13.59,1527696.0
2017-12-21,13.62,13.62,13.51,13.55,1702344.0
2017-12-20,13.86,13.96,13.55,13.55,2603234.0
2017-12-19,14.16,14.19,13.82,13.86,2037918.0
2017-12-18,14.04,14.17,14.04,14.16,1817631.0
2017-12-15,13.83,14.1,13.81,13.99,7214698.0
2017-12-14,13.8,13.84,13.71,13.76,1470498.0
2017-12-13,13.7,13.84,13.66,13.8,1877967.0
2017-12-12,13.62,13.68,13.58,13.65,1886824.0
2017-12-11,13.58,13.65,13.56,13.6,1698359.0
2017-12-08,13.54,13.62,13.52,13.58,2156298.0
2017-12-07,13.52,13.56,13.47,13.52,2973633.0
2017-12-06,13.57,13.6,13.42,13.56,2338468.0
2017-12-05,13.84,13.95,13.77,13.82,3184199.0
2017-12-04,13.86,13.92,13.81,13.84,2429529.0
2017-12-01,13.73,13.81,13.65,13.8,1866002.0
2017-11-30,13.74,13.79,13.65,13.69,2102138.0
2017-11-29,13.78,13.82,13.71,13.79,1515215.0
2017-11-28,13.71,13.81,13.68,13.81,1772361.0
2017-11-27,13.8,13.84,13.69,13.69,1467381.0
2017-11-24,13.86,13.94,13.79,13.8,634229.0
2017-11-22,13.89,13.95,13.83,13.83,1601480.0
2017-11-21,13.83,13.88,13.77,13.88,2082506.0
2017-11-20,13.78,13.89,13.76,13.79,2613130.0
2017-11-17,13.6,13.83,13.57,13.78,2895894.0
2017-11-16,13.52,13.67,13.46,13.6,2286316.0
2017-11-15,13.65,13.65,13.51,13.52,1929425.0
2017-11-14,13.62,13.72,13.6,13.61,1905905.0
2017-11-13,13.6,13.69,13.6,13.65,1507155.0
2017-11-10,13.57,13.69,13.54,13.56,1815262.0
2017-11-09,13.53,13.8,13.5,13.61,2291022.0
2017-11-08,13.63,13.72,13.55,13.58,1628192.0
2017-11-07,13.61,13.7,13.46,13.69,2305618.0
2017-11-06,13.62,13.78,13.6,13.62,2839822.0
2017-11-03,13.39,13.6,13.36,13.59,3008625.0
2017-11-02,13.24,13.5,13.12,13.45,2720616.0
2017-11-01,13.24,13.28,13.16,13.17,1903059.0
2017-10-31,13.27,13.27,13.1,13.23,2113241.0
2017-10-30,13.25,13.3,13.17,13.27,1547901.0
2017-10-27,13.15,13.31,13.07,13.28,1895278.0
2017-10-26,13.28,13.29,13.11,13.13,2016263.0
2017-10-25,13.17,13.24,13.04,13.23,2569362.0
2017-10-24,13.33,13.33,13.19,13.22,1799689.0
2017-10-23,13.35,13.41,13.25,13.31,2401898.0
2017-10-20,13.34,13.35,13.17,13.33,1058016.0
2017-10-19,13.34,13.37,13.24,13.33,1146132.0
2017-10-18,13.3,13.36,13.23,13.35,1260911.0
2017-10-17,13.1,13.32,13.08,13.31,1961934.0
2017-10-16,13.06,13.19,13.05,13.14,1607999.0
2017-10-13,13.16,13.2,12.89,13.04,2974500.0
2017-10-12,13.23,13.23,13.04,13.12,1367578.0
2017-10-11,13.08,13.17,13.07,13.12,1463464.0
2017-10-10,13.16,13.23,13.03,13.06,1534637.0
2017-10-09,13.09,13.18,13.07,13.1,1348417.0
2017-10-06,13.15,13.2,12.97,13.05,1248098.0
2017-10-05,13.26,13.33,13.16,13.18,1475530.0
2017-10-04,13.22,13.25,13.14,13.22,1242885.0
2017-10-03,13.13,13.2,13.06,13.18,1582704.0
2017-10-02,13.13,13.15,13.07,13.1,1311067.0
2017-09-29,13.0,13.14,12.99,13.13,2074219.0
2017-09-28,12.8,13.0,12.79,12.99,1479395.0
2017-09-27,12.97,13.02,12.78,12.8,1820881.0
2017-09-26,13.07,13.11,12.96,13.01,1388893.0
2017-09-25,12.98,13.16,12.96,13.1,1689641.0
2017-09-22,13.0,13.03,12.9,12.94,1160627.0
2017-09-21,13.02,13.06,12.97,12.97,1476559.0
2017-09-20,13.09,13.11,12.92,13.01,1530746.0
2017-09-19,13.18,13.18,13.01,13.06,1652139.0
2017-09-18,13.18,13.2,13.05,13.14,1651168.0
2017-09-15,13.05,13.19,12.98,13.18,2670165.0
2017-09-14,13.05,13.12,12.96,13.06,1564782.0
2017-09-13,13.15,13.2,13.07,13.07,2100698.0
2017-09-12,13.5,13.54,13.3,13.35,2785125.0
2017-09-11,13.35,13.5,13.35,13.44,2274443.0
2017-09-08,13.36,13.42,13.29,13.32,2358795.0
2017-09-07,13.35,13.5,13.32,13.39,2548822.0
2017-09-06,13.27,13.46,13.26,13.3,2405622.0
2017-09-05,13.2,13.31,13.17,13.23,1557153.0
2017-09-01,13.17,13.28,13.15,13.17,1742849.0
2017-08-31,12.96,13.19,12.96,13.16,1999936.0
2017-08-30,12.85,12.94,12.8,12.93,1148475.0
2017-08-29,12.81,12.92,12.78,12.87,1407673.0
2017-08-28,12.81,12.87,12.75,12.81,1889868.0
2017-08-25,12.77,12.91,12.73,12.81,1249956.0
2017-08-24,12.73,12.84,12.71,12.72,1828444.0
2017-08-23,12.65,12.77,12.58,12.71,1499820.0
2017-08-22,12.8,12.82,12.6,12.66,1425154.0
2017-08-21,12.54,12.83,12.49,12.82,1728845.0
2017-08-18,12.55,12.58,12.46,12.51,2378049.0
2017-08-17,12.74,12.79,12.58,12.61,2127233.0
2017-08-16,12.63,12.86,12.63,12.77,2268703.0
2017-08-15,12.65,12.65,12.54,12.63,1683691.0
2017-08-14,12.57,12.7,12.53,12.67,2415619.0
2017-08-11,12.38,12.6,12.37,12.52,2431415.0
2017-08-10,12.6,12.64,12.38,12.44,1992474.0
2017-08-09,12.67,12.7,12.38,12.61,2993803.0
2017-08-08,12.71,12.76,12.6,12.66,1836308.0
2017-08-07,12.8,12.84,12.64,12.73,1662284.0
2017-08-04,12.78,12.86,12.74,12.8,1569208.0
2017-08-03,12.75,12.8,12.65,12.78,1194413.0
2017-08-02,12.91,12.93,12.7,12.75,1963803.0
2017-08-01,13.0,13.09,12.84,12.92,2277032.0
2017-07-31,12.96,13.0,12.8,12.98,2224625.0
2017-07-28,12.94,12.97,12.86,12.93,1676844.0
2017-07-27,12.94,12.99,12.82,12.91,1611142.0
2017-07-26,12.97,13.04,12.92,13.0,1515621.0
2017-07-25,12.86,13.0,12.77,12.98,3356771.0
2017-07-24,13.1,13.12,12.84,12.88,2354500.0
2017-07-21,13.09,13.12,12.97,13.1,1734267.0
2017-07-20,13.08,13.18,13.02,13.04,2953466.0
2017-07-19,13.08,13.14,12.98,13.03,1836540.0
2017-07-18,13.01,13.18,12.96,13.04,2945200.0
2017-07-17,12.87,13.03,12.76,12.99,3783665.0
2017-07-14,12.69,12.76,12.64,12.68,2084153.0
2017-07-13,12.58,12.63,12.53,12.56,2818005.0
2017-07-12,12.47,12.61,12.43,12.56,2291538.0
2017-07-11,12.34,12.4,12.27,12.33,3139612.0
2017-07-10,12.43,12.55,12.3,12.3,2619403.0
2017-07-07,12.36,12.52,12.3,12.43,3578006.0
2017-07-06,12.77,12.77,12.32,12.34,5768864.0
2017-07-05,13.05,13.11,12.78,12.83,3288391.0
2017-07-04,13.02,13.02,13.02,13.02,0.0
2017-07-03,12.93,13.05,12.84,13.02,1462127.0
2017-06-30,12.95,13.02,12.82,12.87,4212035.0
2017-06-29,13.11,13.14,12.82,12.9,4881248.0
2017-06-28,13.29,13.37,13.15,13.2,4548841.0
2017-06-27,13.51,13.6,13.22,13.22,3923052.0
2017-06-26,13.35,13.57,13.32,13.53,2982887.0
2017-06-23,13.31,13.5,13.23,13.24,28052870.0
2017-06-22,13.17,13.33,13.1,13.27,3072238.0
2017-06-21,13.2,13.31,13.12,13.16,2441233.0
2017-06-20,13.28,13.3,13.17,13.22,2741105.0
2017-06-19,13.21,13.29,13.13,13.26,2051807.0
2017-06-16,13.18,13.22,13.07,13.2,4473014.0
2017-06-15,13.24,13.3,13.16,13.24,1754926.0
2017-06-14,13.33,13.45,13.26,13.3,3146266.0
2017-06-13,13.33,13.39,13.12,13.21,2956695.0
2017-06-12,13.35,13.65,13.31,13.6,3604163.0
2017-06-09,13.26,13.43,13.16,13.35,3108903.0
2017-06-08,13.24,13.26,13.0,13.25,2305805.0
2017-06-07,13.16,13.33,13.11,13.24,2214981.0
2017-06-06,13.26,13.29,13.14,13.15,1948520.0
2017-06-05,13.18,13.29,13.15,13.24,2205630.0
2017-06-02,13.26,13.34,13.21,13.24,3066440.0
2017-06-01,12.96,13.21,12.88,13.16,4438126.0
2017-05-31,12.91,12.96,12.86,12.95,2963738.0
2017-05-30,12.8,12.95,12.77,12.9,2305368.0
2017-05-29,12.8,12.8,12.8,12.8,0.0
2017-05-26,12.87,12.92,12.72,12.8,2079230.0
2017-05-25,13.16,13.16,12.85,12.87,3706991.0
2017-05-24,13.15,13.2,13.09,13.11,3053018.0
2017-05-23,13.25,13.29,13.1,13.13,3413692.0
2017-05-22,13.3,13.31,13.02,13.19,4342921.0
2017-05-19,13.35,13.42,13.18,13.2,4675844.0
2017-05-18,13.28,13.38,13.16,13.34,2506176.0
2017-05-17,13.23,13.5,13.23,13.28,4708863.0
2017-05-16,13.32,13.32,13.09,13.23,2817409.0
2017-05-15,13.37,13.5,13.31,13.34,2283226.0
2017-05-12,13.3,13.45,13.25,13.33,3629929.0
2017-05-11,13.15,13.35,13.09,13.28,3333249.0
2017-05-10,13.03,13.26,12.98,13.19,2705919.0
2017-05-09,13.03,13.05,12.87,13.02,4060669.0
2017-05-08,13.02,13.11,12.92,13.03,3863159.0
2017-05-05,12.65,12.98,12.6,12.97,5649304.0
2017-05-04,12.71,12.74,12.25,12.62,7199507.0
2017-05-03,12.99,13.0,12.68,12.7,6314954.0
2017-05-02,13.08,13.1,12.9,12.97,5485805.0
2017-05-01,13.13,13.18,13.01,13.08,4900308.0
2017-04-28,13.5,13.52,13.06,13.07,9745671.0
2017-04-27,13.6,13.64,13.44,13.47,6745173.0
2017-04-26,13.4,13.69,13.35,13.55,46316738.0
2017-04-25,13.81,13.95,13.8,13.84,2783411.0
2017-04-24,14.13,14.15,13.67,13.81,4365557.0
2017-04-21,14.08,14.18,14.02,14.03,2707828.0
2017-04-20,14.1,14.19,14.0,14.12,2623563.0
2017-04-19,14.12,14.21,14.06,14.1,3134599.0
2017-04-18,14.12,14.22,14.1,14.14,3016351.0
2017-04-17,13.96,14.13,13.95,14.13,3463945.0
2017-04-14,13.9,13.9,13.9,13.9,0.0
2017-04-13,13.97,14.03,13.85,13.9,3494606.0
2017-04-12,13.87,14.04,13.84,13.96,3073846.0
2017-04-11,13.74,13.88,13.66,13.87,3537530.0
2017-04-10,13.7,13.77,13.56,13.73,3436923.0
2017-04-07,13.46,13.78,13.42,13.63,5696455.0
2017-04-06,13.36,13.45,13.27,13.41,5680913.0
2017-04-05,13.18,13.44,13.18,13.35,5519716.0
2017-04-04,12.98,13.28,12.93,13.14,5274530.0
2017-04-03,12.89,13.04,12.87,12.97,2617336.0
2017-03-31,12.79,12.93,12.75,12.89,2893158.0
2017-03-30,12.81,12.85,12.73,12.82,1593724.0
2017-03-29,12.73,12.9,12.73,12.81,2318738.0
2017-03-28,12.77,12.82,12.65,12.73,3259539.0
2017-03-27,12.72,12.87,12.68,12.76,2453423.0
2017-03-24,12.74,12.86,12.7,12.75,3175040.0
2017-03-23,12.5,12.82,12.5,12.72,5184150.0
2017-03-22,12.33,12.54,12.28,12.52,4706379.0
2017-03-21,12.35,12.41,12.15,12.33,4794172.0
2017-03-20,12.41,12.43,12.25,12.31,3519937.0
2017-03-17,12.39,12.48,12.28,12.41,5854448.0
2017-03-16,12.38,12.47,12.32,12.42,2968074.0
2017-03-15,12.21,12.49,12.14,12.4,4021062.0
2017-03-14,11.99,12.22,11.9,12.19,4318574.0
2017-03-13,12.48,12.54,12.26,12.34,5690862.0
2017-03-10,12.31,12.43,12.1,12.2,3459848.0
2017-03-09,12.27,12.37,11.97,12.15,4454271.0
2017-03-08,12.62,12.64,12.25,12.28,3833956.0
2017-03-07,12.71,12.76,12.58,12.65,3693680.0
2017-03-06,12.86,12.9,12.66,12.74,2982046.0
2017-03-03,12.84,12.92,12.77,12.89,4092289.0
2017-03-02,12.9,12.95,12.61,12.83,9703951.0
2017-03-01,13.43,13.54,13.34,13.38,3388631.0
2017-02-28,13.5,13.61,13.37,13.42,3493675.0
2017-02-27,13.41,13.58,13.36,13.53,2714970.0
2017-02-24,13.25,13.46,13.15,13.36,3103024.0
2017-02-23,13.2,13.28,13.06,13.24,4822194.0
2017-02-22,13.37,13.41,13.07,13.11,7090966.0
2017-02-21,13.31,13.42,13.29,13.34,3273611.0
2017-02-20,13.28,13.28,13.28,13.28,0.0
2017-02-17,13.45,13.48,13.19,13.28,3184586.0
2017-02-16,13.3,13.47,13.3,13.35,2625747.0
2017-02-15,13.17,13.37,13.04,13.34,2341589.0
2017-02-14,13.25,13.3,13.06,13.25,3264794.0
2017-02-13,13.85,13.86,13.25,13.29,3173815.0
2017-02-10,13.11,13.32,13.02,13.25,2674577.0
2017-02-09,13.06,13.13,12.62,13.09,4909700.0
2017-02-08,12.77,13.03,12.67,13.02,4562157.0
2017-02-07,12.9,12.97,12.72,12.74,2142748.0
2017-02-06,12.9,13.02,12.84,12.87,1934353.0
2017-02-03,12.86,12.98,12.83,12.91,2164407.0
2017-02-02,12.52,12.75,12.51,12.74,2678688.0
2017-02-01,12.77,12.85,12.46,12.54,2826791.0
2017-01-31,12.82,12.92,12.73,12.75,2363475.0
2017-01-30,12.84,12.85,12.7,12.81,2960678.0
2017-01-27,13.05,13.08,12.64,12.83,2393982.0
2017-01-26,13.15,13.25,12.91,13.01,2847868.0
2017-01-25,13.03,13.23,12.97,13.2,4324552.0
2017-01-24,12.84,13.05,12.81,13.01,4094934.0
2017-01-23,12.6,12.84,12.58,12.83,2466866.0
2017-01-20,12.55,12.68,12.51,12.63,2642896.0
2017-01-19,12.72,12.75,12.49,12.56,1930894.0
2017-01-18,12.73,12.84,12.63,12.74,1719524.0
2017-01-17,12.68,12.75,12.64,12.71,1805404.0
2017-01-16,12.63,12.63,12.63,12.63,0.0
2017-01-13,12.56,12.72,12.56,12.63,2464355.0
2017-01-12,12.47,12.59,12.29,12.56,4213617.0
2017-01-11,12.4,12.54,12.36,12.42,2095621.0
2017-01-10,12.54,12.58,12.35,12.39,2376601.0
2017-01-09,12.59,12.61,12.41,12.54,2696988.0
2017-01-06,12.54,12.62,12.4,12.53,2080008.0
2017-01-05,12.45,12.67,12.35,12.54,2423517.0
2017-01-04,12.47,12.67,12.46,12.48,4385231.0
2017-01-03,12.34,12.46,12.26,12.43,2348691.0
2017-01-02,12.3,12.3,12.3,12.3,0.0
2016-12-30,12.35,12.43,12.23,12.3,3952744.0
2016-12-29,12.1,12.41,12.1,12.36,2748084.0
2016-12-28,12.1,12.12,12.01,12.08,1994089.0
2016-12-27,12.08,12.16,12.03,12.09,1451902.0
2016-12-26,12.07,12.07,12.07,12.07,0.0
2016-12-23,12.0,12.12,11.96,12.07,2474088.0
2016-12-22,12.05,12.13,11.91,11.98,3574577.0
2016-12-21,12.28,12.43,12.07,12.07,2838911.0
2016-12-20,12.29,12.43,12.22,12.31,2272865.0
2016-12-19,12.26,12.34,12.18,12.29,2420945.0
2016-12-16,11.99,12.26,11.98,12.18,9309040.0
2016-12-15,11.9,12.27,11.89,11.93,3909362.0
2016-12-14,12.29,12.33,11.88,11.9,3290301.0
2016-12-13,12.34,12.43,12.23,12.3,3427202.0
2016-12-12,12.4,12.56,12.4,12.49,2883188.0
2016-12-09,12.45,12.52,12.33,12.43,2332552.0
2016-12-08,12.23,12.59,12.18,12.42,4114230.0
2016-12-07,12.09,12.35,12.09,12.25,6022144.0
2016-12-06,11.91,12.14,11.84,12.06,4206500.0
2016-12-05,11.94,12.18,11.88,12.12,4830159.0
2016-12-02,11.78,12.06,11.78,11.87,3647224.0
2016-12-01,11.9,12.04,11.57,11.75,6160759.0
2016-11-30,12.16,12.22,11.85,11.92,8210159.0
2016-11-29,12.17,12.29,12.06,12.18,4808936.0
2016-11-28,12.37,12.46,12.15,12.16,3547386.0
2016-11-25,12.3,12.44,12.3,12.37,1085565.0
2016-11-24,12.3,12.3,12.3,12.3,0.0
2016-11-23,12.37,12.42,12.24,12.3,3412249.0
2016-11-22,12.31,12.42,12.22,12.4,3629467.0
2016-11-21,12.38,12.47,12.23,12.26,2566245.0
2016-11-18,12.29,12.33,12.17,12.28,2713843.0
2016-11-17,12.37,12.47,12.24,12.26,3750288.0
2016-11-16,12.34,12.46,12.27,12.37,3063728.0
2016-11-15,12.37,12.44,12.2,12.34,2901382.0
2016-11-14,12.02,12.33,11.93,12.31,7061266.0
2016-11-11,11.86,12.11,11.86,12.0,6547410.0
2016-11-10,12.09,12.15,11.74,11.89,7993929.0
2016-11-09,11.9,12.14,11.54,12.09,10419626.0
2016-11-08,12.5,12.53,12.28,12.36,4443288.0
2016-11-07,12.28,12.53,12.18,12.51,6466035.0
2016-11-04,11.8,12.21,11.8,12.1,6444274.0
2016-11-03,12.35,12.39,11.66,11.84,10921527.0
2016-11-02,12.66,12.68,12.19,12.2,15093876.0
2016-11-01,13.91,13.92,13.07,13.08,8352496.0
2016-10-31,13.71,14.05,13.61,13.94,11340802.0
2016-10-28,13.99,14.18,13.68,13.69,6483196.0
2016-10-27,14.48,14.48,13.86,14.03,4263786.0
2016-10-26,14.73,14.77,14.38,14.48,3304993.0
2016-10-25,14.84,14.91,14.74,14.79,2025408.0
2016-10-24,14.96,15.04,14.78,14.86,2569074.0
2016-10-21,14.66,14.82,14.62,14.76,1958903.0
2016-10-20,14.6,14.83,14.59,14.78,2197173.0
2016-10-19,14.69,14.79,14.59,14.67,1855273.0
2016-10-18,14.64,14.84,14.54,14.69,2076746.0
2016-10-17,14.55,14.6,14.46,14.51,2363978.0
2016-10-14,14.57,14.73,14.39,14.55,6523950.0
2016-10-13,14.32,14.61,14.25,14.54,3453338.0
2016-10-12,14.28,14.44,14.14,14.37,2139623.0
2016-10-11,14.38,14.46,14.13,14.25,3163302.0
2016-10-10,14.3,14.62,14.27,14.42,3664612.0
2016-10-07,14.26,14.55,14.03,14.21,5507409.0
2016-10-06,13.93,14.26,13.77,14.17,3632196.0
2016-10-05,14.54,14.65,13.99,14.01,4910712.0
2016-10-04,14.6,14.6,14.27,14.47,5873694.0
2016-10-03,14.83,14.86,14.52,14.57,3430334.0
2016-09-30,15.17,15.34,14.76,14.77,5949519.0
2016-09-29,15.11,15.19,14.82,15.13,9636741.0
2016-09-28,14.73,15.12,14.73,15.11,9657838.0
2016-09-27,14.57,14.98,14.54,14.8,45831245.0
2016-09-26,14.91,15.04,14.82,14.99,1404776.0
2016-09-23,14.82,15.02,14.73,14.96,1980571.0
2016-09-22,14.66,14.88,14.65,14.88,1678167.0
2016-09-21,14.32,14.58,14.17,14.51,1846702.0
2016-09-20,14.34,14.42,14.27,14.33,2111006.0
2016-09-19,14.11,14.27,14.09,14.23,1693970.0
2016-09-16,13.95,14.09,13.85,14.08,3871345.0
2016-09-15,13.88,14.03,13.82,13.98,2281381.0
2016-09-14,13.74,13.98,13.73,13.85,2274692.0
2016-09-13,13.97,14.04,13.64,13.74,3339782.0
2016-09-12,14.01,14.35,13.98,14.27,2653142.0
2016-09-09,14.92,14.92,14.03,14.09,5373865.0
2016-09-08,15.38,15.42,14.97,15.01,4296802.0
2016-09-07,15.38,15.57,15.35,15.46,4391458.0
2016-09-06,15.3,15.43,15.14,15.37,2177508.0
2016-09-05,15.21,15.21,15.21,15.21,0.0
2016-09-02,15.16,15.38,15.14,15.21,2503214.0
2016-09-01,15.25,15.28,14.93,15.05,2505162.0
2016-08-31,15.2,15.3,15.09,15.27,4425411.0
2016-08-30,15.26,15.31,15.13,15.24,1796193.0
2016-08-29,15.15,15.42,15.15,15.25,1431498.0
2016-08-26,15.39,15.52,15.03,15.09,2551433.0
2016-08-25,15.3,15.4,15.22,15.32,2078829.0
2016-08-24,15.65,15.74,15.28,15.36,2008156.0
2016-08-23,15.51,15.65,15.45,15.62,1922208.0
2016-08-22,15.36,15.43,15.28,15.41,1290753.0
2016-08-19,15.23,15.44,15.21,15.39,2740358.0
2016-08-18,15.4,15.51,15.2,15.24,2747323.0
2016-08-17,15.35,15.43,15.15,15.38,1792195.0
2016-08-16,15.48,15.52,15.27,15.31,1230881.0
2016-08-15,15.41,15.61,15.41,15.52,1555270.0
2016-08-12,15.36,15.71,15.27,15.42,1435958.0
2016-08-11,15.43,15.47,15.28,15.3,1331176.0
2016-08-10,15.63,15.7,15.42,15.45,2552699.0
2016-08-09,15.53,15.63,15.44,15.6,1076960.0
2016-08-08,15.5,15.6,15.4,15.53,1162787.0
2016-08-05,15.46,15.6,15.36,15.46,1742920.0
2016-08-04,15.46,15.49,15.1,15.36,1588407.0
2016-08-03,15.44,15.45,15.13,15.29,2570997.0
2016-08-02,15.65,15.74,15.38,15.43,2205785.0
2016-08-01,15.65,15.72,15.53,15.69,1424281.0
2016-07-29,15.56,15.82,15.54,15.7,2311552.0
2016-07-28,15.48,15.77,15.43,15.59,1362814.0
2016-07-27,15.66,15.66,15.31,15.52,1601041.0
2016-07-26,15.71,15.76,15.52,15.64,1554598.0
2016-07-25,15.78,15.79,15.59,15.72,1470024.0
2016-07-22,15.74,15.92,15.74,15.8,1538905.0
2016-07-21,15.59,15.7,15.54,15.69,1412752.0
2016-07-20,15.65,15.73,15.57,15.67,1815210.0
2016-07-19,15.46,15.63,15.32,15.61,2139015.0
2016-07-18,15.05,15.43,14.97,15.42,2587925.0
2016-07-15,15.09,15.13,14.9,15.08,1525841.0
2016-07-14,15.2,15.21,15.02,15.04,1201215.0
2016-07-13,15.19,15.27,15.05,15.25,1660436.0
2016-07-12,15.28,15.29,15.1,15.14,2208874.0
2016-07-11,15.18,15.33,15.11,15.23,3013018.0
2016-07-08,14.95,15.16,14.92,15.13,2365631.0
2016-07-07,14.98,14.99,14.7,14.8,2466666.0
2016-07-06,14.7,15.0,14.57,14.99,3861945.0
2016-07-05,15.1,15.22,14.32,14.7,7283559.0
2016-07-04,15.06,15.06,15.06,15.06,0.0
2016-07-01,15.1,15.37,14.94,15.06,6748880.0
2016-06-30,15.47,15.5,15.03,15.21,10929441.0
2016-06-29,15.36,15.5,15.29,15.49,2554357.0
2016-06-28,15.18,15.36,15.02,15.29,3026364.0
2016-06-27,14.97,15.11,14.75,15.05,2664316.0
2016-06-24,14.76,15.21,14.65,15.03,5402077.0
2016-06-23,15.09,15.17,15.06,15.13,2099299.0
2016-06-22,15.02,15.12,14.97,14.99,1871719.0
2016-06-21,14.9,15.08,14.85,15.02,1638938.0
2016-06-20,14.95,15.09,14.88,14.9,1356111.0
2016-06-17,14.87,14.91,14.72,14.89,2644109.0
2016-06-16,14.66,14.86,14.61,14.83,1757637.0
2016-06-15,14.75,14.9,14.71,14.74,2615415.0
2016-06-14,14.88,14.93,14.66,14.75,1641729.0
2016-06-13,15.12,15.29,15.07,15.09,1879743.0
2016-06-10,15.0,15.16,14.96,15.1,1629301.0
2016-06-09,15.1,15.18,14.99,15.1,2452601.0
2016-06-08,14.88,15.11,14.82,15.1,1807713.0
2016-06-07,14.85,14.92,14.76,14.88,1933807.0
2016-06-06,14.89,14.97,14.71,14.81,2929733.0
2016-06-03,14.96,15.06,14.76,14.87,2460192.0
2016-06-02,14.62,14.84,14.55,14.84,2199411.0
2016-06-01,14.62,14.77,14.6,14.67,2250345.0
2016-05-31,14.66,14.72,14.51,14.7,1981482.0
2016-05-30,14.65,14.65,14.65,14.65,0.0
2016-05-27,14.5,14.7,14.47,14.65,1533555.0
2016-05-26,14.49,14.62,14.4,14.53,1529796.0
2016-05-25,14.48,14.51,14.12,14.47,1982923.0
2016-05-24,14.28,14.5,14.24,14.44,3363886.0
2016-05-23,14.11,14.3,14.05,14.13,2435642.0
2016-05-20,13.91,14.14,13.88,14.08,38406997.0
2016-05-19,13.76,13.83,13.61,13.82,3979742.0
2016-05-18,14.08,14.08,13.54,13.75,1794344.0
2016-05-17,14.32,14.4,13.92,14.13,1519072.0
2016-05-16,14.28,14.48,14.22,14.4,1041588.0
2016-05-13,14.32,14.37,14.09,14.32,1014814.0
2016-05-12,14.32,14.4,14.15,14.37,1419219.0
2016-05-11,14.47,14.48,14.1,14.26,1121394.0
2016-05-10,14.52,14.55,14.18,14.49,1325440.0
2016-05-09,14.37,14.66,14.37,14.49,2725391.0
2016-05-06,14.05,14.36,13.95,14.34,1802514.0
2016-05-05,14.18,14.25,14.07,14.09,1495578.0
2016-05-04,13.57,14.19,13.51,14.11,2141237.0
2016-05-03,13.5,13.62,13.45,13.57,1667435.0
2016-05-02,13.37,13.64,13.36,13.59,1362638.0
2016-04-29,13.46,13.52,13.12,13.31,1605610.0
2016-04-28,13.47,13.62,13.39,13.52,1009983.0
2016-04-27,13.42,13.6,13.35,13.57,1114865.0
2016-04-26,13.23,13.51,13.14,13.45,1680091.0
2016-04-25,13.08,13.19,13.0,13.19,1073881.0
2016-04-22,12.72,13.12,12.72,13.07,1349108.0
2016-04-21,13.19,13.23,12.67,12.74,2859593.0
2016-04-20,13.42,13.47,13.16,13.18,1507492.0
2016-04-19,13.5,13.57,13.36,13.4,1275352.0
2016-04-18,13.37,13.49,13.34,13.47,962083.0
2016-04-15,13.28,13.49,13.26,13.41,1128163.0
2016-04-14,13.39,13.41,13.15,13.28,1111238.0
2016-04-13,13.31,13.4,13.21,13.39,1469668.0
2016-04-12,13.23,13.35,13.2,13.22,1137513.0
2016-04-11,13.22,13.41,13.13,13.22,1611051.0
2016-04-08,13.05,13.22,13.0,13.13,1502988.0
2016-04-07,12.88,13.11,12.83,12.96,2447250.0
2016-04-06,12.88,12.97,12.61,12.96,2074658.0
2016-04-05,12.66,12.95,12.65,12.89,1568889.0
2016-04-04,12.88,12.92,12.69,12.72,1863303.0
2016-04-01,12.88,12.94,12.74,12.87,1900004.0
2016-03-31,12.91,13.09,12.9,12.98,2952681.0
2016-03-30,13.25,13.29,12.85,12.92,2296764.0
2016-03-29,12.77,13.26,12.73,13.22,2882052.0
2016-03-28,12.42,12.81,12.41,12.8,1514815.0
2016-03-25,12.39,12.39,12.39,12.39,0.0
2016-03-24,12.47,12.49,12.31,12.39,2708120.0
2016-03-23,12.55,12.7,12.51,12.56,1940896.0
2016-03-22,12.2,12.61,12.07,12.6,2890733.0
2016-03-21,12.52,12.58,12.24,12.26,1214367.0
2016-03-18,12.7,12.72,12.52,12.56,2252149.0
2016-03-17,12.4,12.66,12.35,12.64,1875262.0
2016-03-16,12.02,12.44,11.97,12.4,1569902.0
2016-03-15,12.22,12.22,11.87,12.07,1527042.0
2016-03-14,12.35,12.51,12.31,12.49,1498082.0
2016-03-11,12.07,12.38,12.05,12.37,1783877.0
2016-03-10,12.12,12.19,11.77,11.97,1195564.0
2016-03-09,12.03,12.23,12.02,12.11,978726.0
2016-03-08,12.25,12.28,11.98,12.0,2200102.0
2016-03-07,12.05,12.29,11.86,12.27,1527449.0
2016-03-04,12.08,12.12,11.95,12.11,1743255.0
2016-03-03,12.13,12.16,11.99,12.06,1511179.0
2016-03-02,11.98,12.18,11.83,12.11,1521651.0
2016-03-01,11.66,12.0,11.65,12.0,1707365.0
2016-02-29,11.58,11.79,11.55,11.57,2131839.0
2016-02-26,11.54,11.72,11.42,11.57,1691800.0
2016-02-25,11.18,11.55,11.12,11.54,1445349.0
2016-02-24,11.0,11.14,10.82,11.14,1483063.0
2016-02-23,11.05,11.18,11.02,11.08,1676413.0
2016-02-22,10.92,11.16,10.9,11.1,1679063.0
2016-02-19,10.7,10.86,10.61,10.79,1489264.0
2016-02-18,10.61,10.79,10.52,10.74,1459332.0
2016-02-17,10.51,10.82,10.5,10.58,1741783.0
2016-02-16,10.1,10.47,10.05,10.46,1535113.0
2016-02-15,10.05,10.05,10.05,10.05,0.0
2016-02-12,9.9,10.18,9.81,10.05,1475668.0
2016-02-11,10.19,10.21,9.78,9.86,2708128.0
2016-02-10,10.23,10.56,10.19,10.34,1476661.0
2016-02-09,10.41,10.6,10.04,10.22,2862201.0
2016-02-08,10.9,10.99,10.29,10.6,2098576.0
2016-02-05,11.16,11.17,10.96,10.97,1646787.0
2016-02-04,11.04,11.25,10.98,11.22,1834469.0
2016-02-03,10.76,11.2,10.73,11.11,1546624.0
2016-02-02,10.82,10.82,10.6,10.71,1417740.0
2016-02-01,10.85,10.99,10.77,10.85,1919977.0
2016-01-29,10.69,11.02,10.67,11.0,2150757.0
2016-01-28,10.63,10.81,10.57,10.6,1650606.0
2016-01-27,10.9,10.9,10.51,10.61,2098931.0
2016-01-26,10.77,10.95,10.71,10.91,1986223.0
2016-01-25,10.75,10.97,10.73,10.76,2824156.0
2016-01-22,10.29,10.78,10.29,10.77,1777879.0
2016-01-21,10.13,10.48,10.01,10.25,1646938.0
2016-01-20,10.46,10.55,9.61,10.08,2969437.0
2016-01-19,10.58,10.64,10.49,10.59,1880218.0
2016-01-18,10.51,10.51,10.51,10.51,0.0
2016-01-15,10.33,10.53,10.15,10.51,3036467.0
2016-01-14,10.64,10.68,10.38,10.55,1922343.0
2016-01-13,10.72,10.87,10.47,10.55,2322117.0
2016-01-12,11.12,11.21,10.63,10.72,4050803.0
2016-01-11,11.17,11.37,11.17,11.22,1732185.0
2016-01-08,11.28,11.33,11.09,11.11,1554777.0
2016-01-07,11.5,11.55,11.2,11.21,1475452.0
2016-01-06,11.75,11.78,11.56,11.64,1627571.0
2016-01-05,11.52,11.87,11.5,11.82,2113705.0
2016-01-04,11.46,11.49,11.32,11.47,1801178.0
2016-01-01,11.51,11.51,11.51,11.51,0.0
2015-12-31,11.65,11.67,11.51,11.51,1709707.0
2015-12-30,11.72,11.74,11.62,11.65,877339.0
2015-12-29,11.57,11.72,11.56,11.72,1002372.0
2015-12-28,11.45,11.58,11.36,11.56,1412613.0
2015-12-25,11.45,11.45,11.45,11.45,0.0
2015-12-24,11.47,11.54,11.38,11.45,726857.0
2015-12-23,11.34,11.46,11.31,11.46,1518318.0
2015-12-22,11.28,11.4,11.26,11.33,1383688.0
2015-12-21,11.29,11.42,11.18,11.23,1713152.0
2015-12-18,11.37,11.4,11.17,11.2,4786869.0
2015-12-17,11.51,11.54,11.35,11.39,1485611.0
2015-12-16,11.25,11.52,11.24,11.49,1685857.0
2015-12-15,11.15,11.3,11.15,11.19,1683050.0
2015-12-14,11.3,11.41,11.1,11.13,2496241.0
2015-12-11,11.24,11.41,11.2,11.32,2314129.0
2015-12-10,11.24,11.44,11.23,11.41,3280722.0
2015-12-09,11.27,11.37,11.18,11.21,2844344.0
2015-12-08,11.42,11.47,11.26,11.31,3076831.0
2015-12-07,11.72,11.78,11.57,11.61,2759137.0
2015-12-04,11.73,11.94,11.67,11.72,2103004.0
2015-12-03,11.8,11.84,11.66,11.7,2077993.0
2015-12-02,12.16,12.21,11.81,11.82,1818341.0
2015-12-01,12.06,12.2,12.03,12.17,1581912.0
2015-11-30,12.05,12.16,12.0,12.01,2679131.0
2015-11-27,11.86,12.08,11.85,12.04,1073938.0
2015-11-26,11.83,11.83,11.83,11.83,0.0
2015-11-25,11.73,11.86,11.68,11.83,1474528.0
2015-11-24,11.66,11.76,11.57,11.74,2170687.0
2015-11-23,11.5,11.73,11.41,11.71,4099274.0
2015-11-20,11.19,11.34,11.15,11.26,1916829.0
2015-11-19,11.06,11.16,11.05,11.13,1790859.0
2015-11-18,10.92,11.07,10.89,11.05,1843806.0
2015-11-17,10.88,11.0,10.87,10.89,1481695.0
2015-11-16,10.74,10.93,10.69,10.9,3279541.0
2015-11-13,10.79,10.87,10.67,10.74,2184443.0
2015-11-12,10.82,10.89,10.72,10.81,1709855.0
2015-11-11,10.88,10.88,10.75,10.85,1936155.0
2015-11-10,10.7,10.99,10.7,10.85,2801781.0
2015-11-09,10.99,11.05,10.59,10.73,3624180.0
2015-11-06,11.44,11.44,11.05,11.13,3183601.0
2015-11-05,11.5,11.61,11.41,11.56,2779348.0
2015-11-04,11.5,11.55,11.46,11.52,1738113.0
2015-11-03,11.35,11.49,11.28,11.48,2372924.0
2015-11-02,11.29,11.41,11.27,11.39,2988198.0
2015-10-30,11.37,11.41,11.23,11.3,1874293.0
2015-10-29,11.32,11.41,11.24,11.38,1837210.0
2015-10-28,11.28,11.51,11.17,11.39,2255481.0
2015-10-27,11.45,11.51,11.24,11.29,2049580.0
2015-10-26,11.63,11.65,11.41,11.44,1739125.0
2015-10-23,11.72,11.75,11.55,11.63,1590732.0
2015-10-22,11.89,11.93,11.61,11.7,3500094.0
2015-10-21,11.92,12.02,11.84,11.85,1476826.0
2015-10-20,11.85,11.95,11.84,11.92,1188426.0
2015-10-19,11.71,11.91,11.7,11.9,1550164.0
2015-10-16,11.45,11.77,11.45,11.73,3029545.0
2015-10-15,11.41,11.49,11.35,11.41,2923730.0
2015-10-14,11.52,11.68,11.33,11.34,1984163.0
2015-10-13,11.57,11.69,11.5,11.52,2134581.0
2015-10-12,11.69,11.86,11.58,11.58,1871853.0
2015-10-09,11.73,11.78,11.63,11.65,1499427.0
2015-10-08,11.43,11.77,11.38,11.72,2378352.0
2015-10-07,11.35,11.44,11.28,11.43,2287978.0
2015-10-06,11.29,11.41,11.27,11.35,1755028.0
2015-10-05,11.02,11.32,11.01,11.3,1735637.0
2015-10-02,10.9,10.99,10.77,10.99,1551018.0
2015-10-01,11.06,11.06,10.78,10.9,3421493.0
2015-09-30,11.2,11.23,10.96,11.06,2098718.0
2015-09-29,11.19,11.32,11.09,11.1,1847873.0
2015-09-28,11.53,11.54,11.06,11.16,2315024.0
2015-09-25,11.43,11.6,11.3,11.55,2077990.0
2015-09-24,11.52,11.59,11.35,11.42,1713209.0
2015-09-23,11.43,11.59,11.42,11.52,1351299.0
2015-09-22,11.42,11.56,11.36,11.41,1497108.0
2015-09-21,11.29,11.56,11.29,11.49,1953993.0
2015-09-18,11.08,11.44,11.08,11.28,4266538.0
2015-09-17,11.01,11.38,10.95,11.18,2945109.0
2015-09-16,10.95,11.1,10.95,11.03,1884008.0
2015-09-15,10.96,11.03,10.88,10.94,2129228.0
2015-09-14,11.04,11.19,11.02,11.17,2437719.0
2015-09-11,10.84,11.05,10.82,11.01,2096380.0
2015-09-10,10.9,11.01,10.79,10.85,2469013.0
2015-09-09,11.12,11.2,10.91,10.95,2831969.0
2015-09-08,11.05,11.15,11.02,11.08,2466563.0
2015-09-07,10.95,10.95,10.95,10.95,0.0
2015-09-04,11.23,11.27,10.87,10.95,3134069.0
2015-09-03,11.32,11.4,11.28,11.3,1847503.0
2015-09-02,11.4,11.52,11.16,11.33,2735162.0
2015-09-01,11.54,11.61,11.25,11.31,3227421.0
2015-08-31,11.87,11.89,11.66,11.67,5504861.0
2015-08-28,11.96,11.96,11.8,11.91,2595338.0
2015-08-27,12.09,12.11,11.79,11.95,3148640.0
2015-08-26,11.99,12.07,11.71,12.03,4709836.0
2015-08-25,12.5,12.5,11.81,11.82,4889104.0
2015-08-24,12.32,12.54,12.1,12.27,7303571.0
2015-08-21,12.57,12.84,12.53,12.69,5587022.0
2015-08-20,12.68,12.81,12.61,12.74,4364014.0
2015-08-19,12.59,12.76,12.5,12.73,2945962.0
2015-08-18,12.48,12.63,12.43,12.61,4379540.0
2015-08-17,12.12,12.49,12.1,12.48,3960912.0
2015-08-14,11.88,12.12,11.85,12.1,4103530.0
2015-08-13,11.9,12.0,11.76,11.92,3874627.0
2015-08-12,11.88,11.91,11.67,11.87,5000316.0
2015-08-11,11.73,12.02,11.73,11.89,3005846.0
2015-08-10,12.17,12.2,11.71,11.79,4506312.0
2015-08-07,12.24,12.27,12.09,12.15,4443214.0
2015-08-06,12.1,12.26,11.9,12.26,28441056.0
2015-08-05,13.24,13.3,12.6,12.65,8093431.0
2015-08-04,13.66,13.82,13.44,13.47,1576394.0
2015-08-03,13.69,13.76,13.62,13.71,1328506.0
2015-07-31,13.58,13.72,13.57,13.67,1517621.0
2015-07-30,13.48,13.57,13.38,13.49,1406682.0
2015-07-29,13.39,13.55,13.34,13.5,1751224.0
2015-07-28,13.77,13.78,13.43,13.45,4804241.0
2015-07-27,13.73,13.87,13.72,13.8,1723846.0
2015-07-24,13.66,13.8,13.63,13.72,1070033.0
2015-07-23,13.89,13.91,13.6,13.69,1241010.0
2015-07-22,13.86,13.98,13.86,13.9,995389.0
2015-07-21,13.9,13.97,13.88,13.89,1529288.0
2015-07-20,13.78,13.92,13.73,13.92,1965167.0
2015-07-17,13.81,13.84,13.74,13.81,946018.0
2015-07-16,13.8,13.87,13.78,13.82,1383011.0
2015-07-15,13.66,13.76,13.59,13.75,1658726.0
2015-07-14,13.72,13.76,13.63,13.7,1087598.0
2015-07-13,13.72,13.89,13.64,13.69,1508660.0
2015-07-10,13.49,13.72,13.47,13.66,2126311.0
2015-07-09,13.66,13.68,13.47,13.49,1545836.0
2015-07-08,13.5,13.63,13.49,13.6,1703181.0
2015-07-07,13.49,13.68,13.45,13.57,2084977.0
2015-07-06,13.28,13.47,13.28,13.42,1626522.0
2015-07-03,13.35,13.35,13.35,13.35,0.0
2015-07-02,13.42,13.51,13.32,13.35,1875014.0
2015-07-01,13.11,13.32,13.02,13.32,1967402.0
2015-06-30,13.2,13.23,13.06,13.11,1577301.0
2015-06-29,13.27,13.39,13.12,13.13,1626413.0
2015-06-26,13.12,13.29,13.06,13.2,2853020.0
2015-06-25,13.23,13.34,13.11,13.13,2116980.0
2015-06-24,13.33,13.37,13.19,13.26,1668248.0
2015-06-23,13.46,13.49,13.32,13.33,1541335.0
2015-06-22,13.64,13.69,13.51,13.53,1201683.0
2015-06-19,13.59,13.64,13.42,13.63,6702797.0
2015-06-18,13.51,13.7,13.48,13.56,2707171.0
2015-06-17,13.43,13.57,13.29,13.5,2823888.0
2015-06-16,13.26,13.43,13.23,13.4,3581635.0
2015-06-15,13.29,13.31,13.19,13.22,1551245.0
2015-06-12,13.19,13.35,13.19,13.31,2386274.0
2015-06-11,13.23,13.31,13.16,13.24,1572887.0
2015-06-10,13.07,13.28,13.07,13.15,1798783.0
2015-06-09,13.2,13.26,13.04,13.05,1878308.0
2015-06-08,13.4,13.52,13.32,13.43,2105122.0
2015-06-05,13.36,13.48,13.24,13.39,2209380.0
2015-06-04,13.44,13.54,13.39,13.49,1276878.0
2015-06-03,13.64,13.67,13.43,13.48,1391886.0
2015-06-02,13.69,13.77,13.59,13.7,1116573.0
2015-06-01,13.58,13.79,13.56,13.75,1396107.0
2015-05-29,13.68,13.74,13.54,13.56,1758343.0
2015-05-28,13.67,13.74,13.57,13.68,975263.0
2015-05-27,13.64,13.72,13.56,13.68,1148007.0
2015-05-26,13.7,13.7,13.53,13.61,1066902.0
2015-05-25,13.71,13.71,13.71,13.71,0.0
2015-05-22,13.74,13.86,13.66,13.71,802881.0
2015-05-21,13.87,13.9,13.73,13.8,1124279.0
2015-05-20,13.84,13.93,13.78,13.82,1462368.0
2015-05-19,13.79,13.92,13.75,13.79,938634.0
2015-05-18,13.84,13.9,13.71,13.86,1276330.0
2015-05-15,13.76,13.86,13.65,13.81,2025545.0
2015-05-14,13.55,13.72,13.52,13.72,1040172.0
2015-05-13,13.73,13.88,13.49,13.5,2102628.0
2015-05-12,13.45,13.64,13.22,13.63,2098713.0
2015-05-11,13.73,13.83,13.5,13.53,1721814.0
2015-05-08,13.86,13.99,13.7,13.78,2037087.0
2015-05-07,13.3,13.72,13.3,13.68,3628303.0
2015-05-06,13.43,13.48,13.29,13.39,2390043.0
2015-05-05,13.75,13.79,13.34,13.42,3501926.0
2015-05-04,13.96,14.06,13.78,13.79,1867030.0
2015-05-01,13.99,14.11,13.92,13.92,2238306.0
2015-04-30,14.21,14.24,13.91,13.98,2674807.0
2015-04-29,14.42,14.56,14.24,14.29,1155129.0
2015-04-28,14.58,14.65,14.46,14.54,1652136.0
2015-04-27,14.72,14.85,14.55,14.61,1225994.0
2015-04-24,14.62,14.71,14.56,14.67,2428749.0
2015-04-23,14.72,14.73,14.55,14.6,1336086.0
2015-04-22,14.72,14.8,14.65,14.71,921794.0
2015-04-21,14.75,14.84,14.63,14.68,1212095.0
2015-04-20,14.79,14.83,14.64,14.69,1886743.0
2015-04-17,14.89,14.99,14.72,14.77,2171414.0
2015-04-16,14.96,15.03,14.83,14.97,1170502.0
2015-04-15,15.1,15.18,14.99,15.01,1758141.0
2015-04-14,15.01,15.12,14.92,15.09,1797281.0
2015-04-13,14.92,15.03,14.92,14.95,1221001.0
2015-04-10,14.97,15.15,14.88,14.93,2152126.0
2015-04-09,15.29,15.29,14.74,14.88,2726667.0
2015-04-08,15.14,15.29,15.11,15.21,1409706.0
2015-04-07,15.28,15.29,15.09,15.16,1614519.0
2015-04-06,15.0,15.42,14.98,15.32,2603403.0
2015-04-03,14.97,14.97,14.97,14.97,0.0
2015-04-02,14.85,15.02,14.8,14.97,1195892.0
2015-04-01,14.72,14.84,14.6,14.82,1780177.0
2015-03-31,14.92,15.03,14.71,14.74,1783820.0
2015-03-30,14.91,15.03,14.84,14.96,1596658.0
2015-03-27,14.84,14.99,14.77,14.84,1446320.0
2015-03-26,14.86,15.0,14.79,14.82,1517716.0
2015-03-25,15.1,15.18,14.83,14.9,1761562.0
2015-03-24,15.23,15.28,15.09,15.11,1537612.0
2015-03-23,15.23,15.36,15.1,15.25,1429843.0
2015-03-20,14.65,15.24,14.65,15.22,3646540.0
2015-03-19,14.7,14.84,14.62,14.66,1333827.0
2015-03-18,14.48,14.81,14.28,14.78,1946699.0
2015-03-17,14.4,14.54,14.35,14.49,1697490.0
2015-03-16,14.46,14.6,14.43,14.47,1456126.0
2015-03-13,14.36,14.44,14.24,14.41,1683225.0
2015-03-12,14.24,14.42,14.22,14.36,1448964.0
2015-03-11,13.96,14.2,13.81,14.12,2525201.0
2015-03-10,14.08,14.22,13.95,13.96,2239591.0
2015-03-09,14.28,14.44,14.23,14.34,1984120.0
2015-03-06,14.75,14.75,14.13,14.16,2577534.0
2015-03-05,14.98,15.09,14.92,14.92,958018.0
2015-03-04,15.11,15.18,14.9,14.95,1256795.0
2015-03-03,15.06,15.15,14.95,15.12,1047362.0
2015-03-02,15.18,15.39,15.08,15.14,1329010.0
2015-02-27,15.05,15.27,14.92,15.14,1683733.0
2015-02-26,15.33,15.33,15.02,15.03,1355414.0
2015-02-25,15.16,15.48,15.12,15.36,1951170.0
2015-02-24,15.22,15.24,15.08,15.18,3082561.0
2015-02-23,15.11,15.32,15.05,15.28,1611131.0
2015-02-20,14.97,15.19,14.89,15.1,1345960.0
2015-02-19,15.09,15.1,14.86,14.98,1993766.0
2015-02-18,14.75,15.15,14.69,15.13,3060454.0
2015-02-17,14.61,14.83,14.56,14.74,2140540.0
2015-02-16,14.64,14.64,14.64,14.64,0.0
2015-02-13,14.58,14.68,14.48,14.64,1960591.0
2015-02-12,14.61,14.66,14.05,14.5,2592582.0
2015-02-11,14.6,14.68,14.38,14.58,1936526.0
2015-02-10,14.64,14.66,14.45,14.59,1751772.0
2015-02-09,14.74,14.9,14.57,14.6,2053021.0
2015-02-06,15.04,15.09,14.65,14.7,3041837.0
2015-02-05,14.92,15.1,14.89,15.1,1588477.0
2015-02-04,15.1,15.12,14.84,14.91,1498150.0
2015-02-03,15.08,15.24,14.93,15.21,2209700.0
2015-02-02,15.38,15.38,14.82,15.09,2329663.0
2015-01-30,15.6,15.6,15.31,15.37,4914403.0
2015-01-29,15.4,15.62,15.31,15.62,2277049.0
2015-01-28,15.43,15.58,15.36,15.38,1622770.0
2015-01-27,15.23,15.43,15.2,15.37,1614308.0
2015-01-26,15.14,15.28,15.02,15.28,1828306.0
2015-01-23,15.2,15.23,15.07,15.15,1442192.0
2015-01-22,14.97,15.2,14.86,15.19,1962453.0
2015-01-21,15.04,15.09,14.86,14.88,1514775.0
2015-01-20,15.25,15.29,14.94,15.1,2119213.0
2015-01-19,15.25,15.25,15.25,15.25,0.0
2015-01-16,14.96,15.27,14.91,15.25,3636252.0
2015-01-15,15.12,15.12,14.79,14.98,2881876.0
2015-01-14,14.67,15.11,14.62,15.07,2920702.0
2015-01-13,14.81,14.88,14.62,14.76,1915980.0
2015-01-12,14.63,14.87,14.63,14.81,3418352.0
2015-01-09,14.89,14.95,14.54,14.66,27269130.0
2015-01-08,13.92,14.84,13.92,14.73,5327333.0
2015-01-07,14.32,14.37,14.16,14.24,1712476.0
2015-01-06,14.4,14.47,14.21,14.26,2193452.0
2015-01-05,14.01,14.4,13.9,14.37,2166359.0
2015-01-02,13.86,14.06,13.82,14.04,1227539.0
2015-01-01,13.78,13.78,13.78,13.78,0.0
2014-12-31,14.06,14.22,13.77,13.78,1301422.0
2014-12-30,13.91,14.08,13.91,14.02,867362.0
2014-12-29,13.85,14.06,13.81,13.94,1054058.0
2014-12-26,13.75,13.92,13.72,13.88,618864.0
2014-12-25,13.7,13.7,13.7,13.7,0.0
2014-12-24,13.75,13.79,13.63,13.7,467197.0
2014-12-23,13.83,13.87,13.71,13.75,927952.0
2014-12-22,13.53,13.83,13.5,13.83,1445516.0
2014-12-19,13.4,13.55,13.35,13.48,2375455.0
2014-12-18,13.42,13.42,13.24,13.37,1332061.0
2014-12-17,13.08,13.38,13.01,13.36,1631445.0
2014-12-16,13.25,13.27,13.05,13.06,1606521.0
2014-12-15,13.57,13.61,13.21,13.24,971873.0
2014-12-12,13.55,13.7,13.54,13.54,960841.0
2014-12-11,13.57,13.67,13.55,13.59,750421.0
2014-12-10,13.65,13.7,13.52,13.55,966354.0
2014-12-09,13.38,13.67,13.35,13.66,1184248.0
2014-12-08,13.37,13.59,13.37,13.45,961695.0
2014-12-05,13.45,13.45,13.23,13.4,1145671.0
2014-12-04,13.55,13.58,13.44,13.52,1258570.0
2014-12-03,13.69,13.69,13.56,13.58,1189831.0
2014-12-02,13.69,13.7,13.52,13.66,1885216.0
2014-12-01,13.88,14.06,13.76,13.87,1563285.0
2014-11-28,13.91,14.06,13.86,13.86,1056497.0
2014-11-27,13.87,13.87,13.87,13.87,0.0
2014-11-26,13.72,13.9,13.7,13.87,1225145.0
2014-11-25,13.66,13.78,13.63,13.72,1117447.0
2014-11-24,13.59,13.75,13.57,13.66,1506384.0
2014-11-21,13.6,13.62,13.45,13.56,892929.0
2014-11-20,13.36,13.55,13.33,13.48,1036875.0
2014-11-19,13.5,13.58,13.35,13.36,880904.0
2014-11-18,13.54,13.62,13.44,13.53,882468.0
2014-11-17,13.4,13.59,13.38,13.51,787675.0
2014-11-14,13.52,13.6,13.36,13.4,919995.0
2014-11-13,13.56,13.68,13.54,13.54,839018.0
2014-11-12,13.63,13.67,13.5,13.52,905200.0
2014-11-11,13.72,13.72,13.6,13.64,896819.0
2014-11-10,13.57,13.74,13.57,13.71,955203.0
2014-11-07,13.52,13.62,13.44,13.56,852161.0
2014-11-06,13.57,13.66,13.47,13.53,1347809.0
2014-11-05,13.68,13.68,13.51,13.61,1263565.0
2014-11-04,13.65,13.67,13.58,13.63,1590237.0
2014-11-03,13.49,13.7,13.43,13.67,2030770.0
2014-10-31,13.58,13.6,13.32,13.49,2748079.0
2014-10-30,13.17,13.2,13.01,13.13,1680772.0
2014-10-29,13.2,13.28,13.0,13.14,2299311.0
2014-10-28,13.2,13.21,13.04,13.2,1890818.0
2014-10-27,13.12,13.18,13.02,13.18,1331016.0
2014-10-24,13.25,13.25,13.05,13.11,1505158.0
2014-10-23,13.21,13.25,13.11,13.21,1726898.0
2014-10-22,13.17,13.22,13.11,13.13,1678098.0
2014-10-21,13.35,13.39,13.11,13.11,2806250.0
2014-10-20,13.23,13.5,13.23,13.49,875847.0
2014-10-17,13.42,13.42,13.13,13.22,1372495.0
2014-10-16,13.57,13.64,13.24,13.31,2161138.0
2014-10-15,13.4,13.56,13.31,13.47,2092859.0
2014-10-14,13.16,13.58,13.13,13.43,2099085.0
2014-10-13,12.92,13.23,12.89,13.07,1285737.0
2014-10-10,12.82,13.1,12.82,12.9,1294418.0
2014-10-09,12.86,13.1,12.77,12.82,1940332.0
2014-10-08,12.56,12.86,12.54,12.86,1430948.0
2014-10-07,12.59,12.7,12.55,12.56,930192.0
2014-10-06,12.51,12.69,12.51,12.61,1543481.0
2014-10-03,12.52,12.57,12.39,12.5,942622.0
2014-10-02,12.35,12.5,12.3,12.43,1271747.0
2014-10-01,12.25,12.43,12.23,12.3,1683103.0
2014-09-30,12.42,12.44,12.26,12.26,1423587.0
2014-09-29,12.38,12.39,12.25,12.39,1270963.0
2014-09-26,12.38,12.48,12.31,12.44,1027456.0
2014-09-25,12.26,12.41,12.18,12.38,1644042.0
2014-09-24,12.29,12.4,12.22,12.28,1924893.0
2014-09-23,12.47,12.52,12.21,12.29,2519587.0
2014-09-22,12.59,12.61,12.43,12.46,1892475.0
2014-09-19,12.86,12.88,12.56,12.58,6815116.0
2014-09-18,13.06,13.08,12.83,12.84,1793407.0
2014-09-17,13.03,13.1,12.93,13.07,2854796.0
2014-09-16,12.84,13.03,12.71,13.01,2508201.0
2014-09-15,13.16,13.22,13.01,13.05,1781040.0
2014-09-12,13.62,13.63,13.11,13.15,2558364.0
2014-09-11,13.46,13.59,13.41,13.58,1339129.0
2014-09-10,13.69,13.69,13.44,13.49,1493861.0
2014-09-09,13.84,13.85,13.66,13.71,990140.0
2014-09-08,13.89,14.04,13.83,13.85,1089278.0
2014-09-05,13.91,14.0,13.77,13.88,1940374.0
2014-09-04,14.06,14.1,13.9,13.96,874568.0
2014-09-03,14.1,14.14,14.02,14.05,755127.0
2014-09-02,14.13,14.13,14.01,14.06,718622.0
2014-09-01,14.09,14.09,14.09,14.09,0.0
2014-08-29,13.98,14.13,13.95,14.09,1196566.0
2014-08-28,13.95,14.01,13.89,13.98,697150.0
2014-08-27,13.92,14.0,13.86,13.99,886208.0
2014-08-26,13.78,13.95,13.76,13.9,781194.0
2014-08-25,13.79,13.87,13.69,13.77,1168116.0
2014-08-22,13.93,13.96,13.75,13.83,859537.0
2014-08-21,13.96,14.0,13.91,13.93,958324.0
2014-08-20,13.82,13.96,13.68,13.95,1131605.0
2014-08-19,13.81,13.91,13.78,13.85,1194307.0
2014-08-18,13.68,13.88,13.67,13.79,2470768.0
2014-08-15,13.76,13.82,13.57,13.59,1487784.0
2014-08-14,13.57,13.75,13.56,13.67,1073245.0
2014-08-13,13.47,13.59,13.42,13.55,736284.0
2014-08-12,13.33,13.47,13.32,13.41,1088243.0
2014-08-11,13.28,13.4,13.22,13.36,801105.0
2014-08-08,13.18,13.3,13.07,13.24,874844.0
2014-08-07,13.29,13.33,13.13,13.24,1047683.0
2014-08-06,13.27,13.35,13.24,13.28,797924.0
2014-08-05,13.38,13.48,13.31,13.33,857198.0
2014-08-04,13.49,13.54,13.28,13.45,1182221.0
2014-08-01,13.45,13.6,13.29,13.48,1965043.0
2014-07-31,13.21,13.52,13.19,13.46,2047832.0
2014-07-30,13.39,13.46,13.2,13.28,985514.0
2014-07-29,13.6,13.62,13.35,13.35,1324106.0
2014-07-28,13.22,13.7,13.2,13.62,2178253.0
2014-07-25,13.42,13.42,13.19,13.22,2149784.0
2014-07-24,13.22,13.48,13.19,13.48,2603529.0
2014-07-23,13.18,13.22,13.14,13.22,786503.0
2014-07-22,13.19,13.24,13.12,13.19,760397.0
2014-07-21,13.07,13.17,13.01,13.14,660896.0
2014-07-18,13.03,13.17,13.02,13.08,1569163.0
2014-07-17,13.06,13.14,13.03,13.06,747130.0
2014-07-16,13.11,13.17,13.01,13.1,736036.0
2014-07-15,12.99,13.1,12.92,13.08,731022.0
2014-07-14,12.99,13.03,12.9,12.99,777568.0
2014-07-11,13.04,13.1,12.91,12.96,1236504.0
2014-07-10,12.96,13.16,12.95,13.04,925269.0
2014-07-09,13.1,13.1,12.98,13.01,1091894.0
2014-07-08,12.98,13.1,12.97,13.08,1036314.0
2014-07-07,12.9,13.05,12.9,12.97,979737.0
2014-07-04,12.95,12.95,12.95,12.95,0.0
2014-07-03,13.07,13.07,12.85,12.95,735876.0
2014-07-02,13.15,13.15,13.0,13.07,941889.0
2014-07-01,13.21,13.35,13.19,13.23,1253614.0
2014-06-30,13.22,13.24,13.07,13.24,965126.0
2014-06-27,13.13,13.27,13.12,13.23,1154207.0
2014-06-26,13.12,13.16,13.0,13.15,708775.0
2014-06-25,13.12,13.18,13.0,13.11,882454.0
2014-06-24,13.06,13.25,13.02,13.14,930602.0
2014-06-23,13.42,13.42,13.02,13.09,1323048.0
2014-06-20,12.96,13.32,12.91,13.31,3264297.0
2014-06-19,12.91,12.97,12.86,12.94,1190991.0
2014-06-18,12.88,12.92,12.76,12.88,1163270.0
2014-06-17,12.9,12.95,12.86,12.88,1204702.0
2014-06-16,13.0,13.0,12.87,12.91,1149436.0
2014-06-13,13.17,13.17,12.98,13.01,926689.0
2014-06-12,13.1,13.19,12.95,13.15,1228998.0
2014-06-11,13.16,13.25,13.02,13.11,1279463.0
2014-06-10,13.53,13.53,13.18,13.2,1516297.0
2014-06-09,13.89,13.94,13.68,13.69,1663420.0
2014-06-06,13.97,13.97,13.83,13.9,873511.0
2014-06-05,13.64,13.95,13.59,13.92,1354834.0
2014-06-04,13.57,13.67,13.52,13.64,667784.0
2014-06-03,13.54,13.64,13.5,13.61,1000325.0
2014-06-02,13.55,13.66,13.48,13.61,1160856.0
2014-05-30,13.47,13.59,13.43,13.52,1025122.0
2014-05-29,13.42,13.52,13.4,13.45,654934.0
2014-05-28,13.56,13.56,13.39,13.43,878974.0
2014-05-27,13.48,13.63,13.4,13.6,2630984.0
2014-05-26,13.42,13.42,13.42,13.42,0.0
2014-05-23,13.28,13.42,13.24,13.42,1240478.0
