Date,Open,High,Low,Close,Volume
2019-05-24,14.14,14.22,14.06,14.16,94187.0
2019-05-23,14.22,14.26,14.03,14.08,81709.0
2019-05-22,14.22,14.27,14.14,14.21,78760.0
2019-05-21,14.2,14.24,14.12,14.18,131179.0
2019-05-20,14.03,14.2,14.03,14.15,73788.0
2019-05-17,14.03,14.15,14.02,14.03,62586.0
2019-05-16,14.14,14.22,14.03,14.07,115503.0
2019-05-15,14.06,14.18,13.98,14.13,92291.0
2019-05-14,13.89,14.11,13.89,14.06,119307.0
2019-05-13,14.02,14.11,13.85,13.89,130871.0
2019-05-10,14.23,14.36,14.04,14.16,130475.0
2019-05-09,14.2,14.31,14.18,14.3,64314.0
2019-05-08,14.49,14.49,14.26,14.28,70913.0
2019-05-07,14.51,14.68,14.37,14.46,151896.0
2019-05-06,14.33,14.59,14.1,14.54,166871.0
2019-05-03,14.26,14.47,14.23,14.42,117685.0
2019-05-02,14.2,14.3,14.18,14.23,79940.0
2019-05-01,14.3,14.32,14.14,14.17,221631.0
2019-04-30,14.35,14.37,14.25,14.36,99173.0
2019-04-29,14.54,14.56,14.35,14.37,106014.0
2019-04-26,14.43,14.64,14.43,14.58,145448.0
2019-04-25,14.5,14.5,14.27,14.43,126386.0
2019-04-24,14.49,14.55,14.36,14.42,110196.0
2019-04-23,14.36,14.49,14.27,14.44,118588.0
2019-04-22,14.3,14.4,14.21,14.31,114190.0
2019-04-18,14.35,14.4,14.27,14.28,64945.0
2019-04-17,14.4,14.4,14.29,14.37,70737.0
2019-04-16,14.17,14.4,14.17,14.37,146179.0
2019-04-15,14.18,14.24,14.13,14.17,75548.0
2019-04-12,14.25,14.25,14.13,14.13,77957.0
2019-04-11,14.21,14.27,14.15,14.18,51506.0
2019-04-10,14.24,14.24,14.11,14.17,106481.0
2019-04-09,14.29,14.34,14.17,14.25,118216.0
2019-04-08,14.26,14.31,14.22,14.24,54009.0
2019-04-05,14.32,14.35,14.22,14.27,59184.0
2019-04-04,14.27,14.35,14.25,14.32,123447.0
2019-04-03,14.29,14.31,14.2,14.28,159254.0
2019-04-02,14.21,14.29,14.16,14.22,184911.0
2019-04-01,14.2,14.25,14.12,14.2,119055.0
2019-03-29,14.15,14.31,14.1,14.15,226861.0
2019-03-28,14.05,14.18,14.05,14.14,84259.0
2019-03-27,14.09,14.16,14.07,14.16,148619.0
2019-03-26,14.1,14.24,14.04,14.08,204267.0
2019-03-25,14.05,14.12,14.0,14.02,165970.0
2019-03-22,14.03,14.1,14.0,14.0,146740.0
2019-03-21,14.0,14.08,14.0,14.0,237896.0
2019-03-20,14.0,14.17,14.0,14.01,246855.0
2019-03-19,14.03,14.1,14.0,14.01,258422.0
2019-03-18,14.05,14.15,14.0,14.09,322856.0
2019-03-15,14.3,14.33,14.0,14.0,1143932.0
2019-03-14,14.7,14.86,14.7,14.72,111243.0
2019-03-13,14.47,14.72,14.47,14.68,73930.0
2019-03-12,14.85,14.94,14.43,14.44,83827.0
2019-03-11,14.76,14.99,14.76,14.86,110840.0
2019-03-08,14.63,14.86,14.63,14.78,153609.0
2019-03-07,14.56,14.68,14.46,14.62,151497.0
2019-03-06,14.4,14.69,14.01,14.55,130595.0
2019-03-05,14.05,14.05,13.75,13.96,74387.0
2019-03-04,13.8,14.03,13.72,14.03,79994.0
2019-03-01,14.15,14.15,13.56,13.72,189257.0
2019-02-28,14.38,14.39,13.95,14.09,110322.0
2019-02-27,14.82,14.82,14.29,14.35,190620.0
2019-02-26,14.87,14.95,14.73,14.87,136071.0
2019-02-25,15.2,15.25,14.8,14.91,168658.0
2019-02-22,15.03,15.3,14.85,15.2,210631.0
2019-02-21,14.98,14.98,14.75,14.96,80853.0
2019-02-20,14.89,15.11,14.75,14.92,210777.0
2019-02-19,14.71,14.85,14.61,14.81,118006.0
2019-02-15,14.68,14.75,14.61,14.65,76274.0
2019-02-14,14.56,14.7,14.56,14.64,76345.0
2019-02-13,14.49,14.6,14.43,14.57,60536.0
2019-02-12,14.44,14.47,14.4,14.42,36912.0
2019-02-11,14.49,14.56,14.4,14.46,42438.0
2019-02-08,14.46,14.5,14.4,14.47,66012.0
2019-02-07,14.58,14.58,14.38,14.5,51399.0
2019-02-06,14.57,14.58,14.47,14.56,47187.0
2019-02-05,14.4,14.57,14.37,14.53,92845.0
2019-02-04,14.37,14.4,14.26,14.4,55468.0
2019-02-01,14.4,14.4,14.22,14.32,47607.0
2019-01-31,14.2,14.4,14.2,14.4,148823.0
2019-01-30,14.16,14.33,14.04,14.27,114298.0
2019-01-29,14.02,14.25,14.02,14.21,111524.0
2019-01-28,13.94,14.05,13.91,14.03,82316.0
2019-01-25,13.96,14.04,13.89,13.91,57194.0
2019-01-24,13.9,13.96,13.88,13.94,68173.0
2019-01-23,13.88,13.92,13.81,13.92,37109.0
2019-01-22,13.86,13.92,13.82,13.83,37178.0
2019-01-18,13.86,13.93,13.78,13.87,70293.0
2019-01-17,13.91,13.92,13.83,13.85,38548.0
2019-01-16,13.86,13.93,13.82,13.89,103805.0
2019-01-15,13.6,13.9,13.6,13.82,89245.0
2019-01-14,13.54,13.78,13.54,13.59,77567.0
2019-01-11,13.53,13.7,13.45,13.62,65187.0
2019-01-10,13.5,13.55,13.39,13.51,42591.0
2019-01-09,13.74,13.74,13.43,13.49,86966.0
2019-01-08,13.6,13.75,13.49,13.72,78341.0
2019-01-07,13.46,13.59,13.34,13.55,88784.0
2019-01-04,13.32,13.45,13.23,13.43,53703.0
2019-01-03,13.27,13.45,13.17,13.27,101579.0
2019-01-02,12.86,13.35,12.85,13.27,97311.0
2018-12-31,12.99,13.17,12.83,12.95,286291.0
2018-12-28,12.94,13.35,12.84,12.88,118880.0
2018-12-27,12.5,13.13,12.3,13.06,116545.0
2018-12-26,11.95,12.59,11.95,12.56,116525.0
2018-12-24,12.13,12.16,11.86,11.91,77711.0
2018-12-21,12.05,12.22,11.65,12.22,863107.0
2018-12-20,12.25,12.34,11.88,12.13,251858.0
2018-12-19,12.57,12.73,12.19,12.23,180635.0
2018-12-18,12.53,12.8,12.51,12.51,120669.0
2018-12-17,13.31,13.4,12.41,12.51,432820.0
2018-12-14,13.53,13.66,13.37,13.42,111541.0
2018-12-13,13.65,13.69,13.47,13.58,72211.0
2018-12-12,13.72,13.91,13.59,13.62,127058.0
2018-12-11,13.5,13.68,13.44,13.65,118078.0
2018-12-10,13.45,13.54,13.37,13.44,84377.0
2018-12-07,13.58,13.64,13.38,13.41,86816.0
2018-12-06,13.4,13.61,13.27,13.61,80469.0
2018-12-04,13.61,13.63,13.41,13.54,85942.0
2018-12-03,13.76,13.76,13.41,13.6,90976.0
2018-11-30,13.63,13.64,13.45,13.64,81953.0
2018-11-29,13.65,13.65,13.55,13.62,59603.0
2018-11-28,13.66,13.7,13.62,13.65,97557.0
2018-11-27,13.58,13.7,13.55,13.63,102388.0
2018-11-26,13.79,13.79,13.65,13.65,85541.0
2018-11-23,13.59,13.66,13.52,13.63,42047.0
2018-11-21,13.5,13.51,13.32,13.42,41842.0
2018-11-20,13.45,13.45,13.3,13.38,68507.0
2018-11-19,13.31,13.55,13.31,13.54,76343.0
2018-11-16,13.04,13.32,13.01,13.31,79779.0
2018-11-15,13.12,13.17,13.02,13.07,40370.0
2018-11-14,13.28,13.28,13.11,13.15,69144.0
2018-11-13,12.86,13.29,12.82,13.23,81491.0
2018-11-12,13.13,13.13,12.75,12.79,75777.0
2018-11-09,13.13,13.17,13.0,13.08,40363.0
2018-11-08,13.08,13.28,13.08,13.1,76766.0
2018-11-07,12.71,13.11,12.5,13.07,103227.0
2018-11-06,12.42,12.5,12.37,12.47,21214.0
2018-11-05,12.32,12.5,12.32,12.43,51662.0
2018-11-02,12.5,12.54,12.32,12.32,66387.0
2018-11-01,12.28,12.54,12.28,12.48,55773.0
2018-10-31,12.35,12.4,12.25,12.25,80808.0
2018-10-30,12.25,12.39,12.21,12.28,54333.0
2018-10-29,12.35,12.42,12.26,12.29,34599.0
2018-10-26,12.41,12.47,12.22,12.26,46435.0
2018-10-25,12.42,12.53,11.65,12.53,173257.0
2018-10-24,12.58,12.58,12.4,12.44,37467.0
2018-10-23,12.64,12.65,12.47,12.59,40688.0
2018-10-22,12.77,12.83,12.68,12.73,67328.0
2018-10-19,12.99,13.04,12.5,12.77,150111.0
2018-10-18,13.03,13.06,12.89,13.0,32053.0
2018-10-17,13.02,13.06,12.95,13.01,54816.0
2018-10-16,12.91,13.08,12.87,13.03,48670.0
2018-10-15,12.91,12.99,12.9,12.9,41285.0
2018-10-12,13.01,13.05,12.86,12.91,61788.0
2018-10-11,13.27,13.27,12.8,12.85,142038.0
2018-10-10,13.41,13.5,13.26,13.28,46241.0
2018-10-09,13.32,13.42,13.32,13.41,52539.0
2018-10-08,13.36,13.5,13.36,13.4,60464.0
2018-10-05,13.44,13.45,13.35,13.41,65134.0
2018-10-04,13.63,13.63,13.34,13.44,102025.0
2018-10-03,13.58,13.69,13.58,13.62,59378.0
2018-10-02,13.6,13.67,13.55,13.58,54231.0
2018-10-01,13.64,13.68,13.58,13.61,72573.0
2018-09-28,13.81,13.85,13.63,13.64,73354.0
2018-09-27,13.68,13.85,13.63,13.8,84201.0
2018-09-26,13.91,13.91,13.81,13.81,60077.0
2018-09-25,13.91,13.94,13.83,13.91,71959.0
2018-09-24,13.93,13.99,13.86,13.89,51733.0
2018-09-21,13.85,13.98,13.78,13.93,68578.0
2018-09-20,13.91,13.92,13.83,13.83,54259.0
2018-09-19,13.9,13.93,13.86,13.91,38460.0
2018-09-18,13.89,13.94,13.81,13.87,48296.0
2018-09-17,13.65,13.88,13.65,13.88,62644.0
2018-09-14,13.9,13.9,13.64,13.66,65580.0
2018-09-13,13.73,14.0,13.72,13.87,98231.0
2018-09-12,13.6,13.77,13.51,13.72,66240.0
2018-09-11,13.71,13.72,13.57,13.58,51323.0
2018-09-10,13.62,13.78,13.54,13.74,102639.0
2018-09-07,13.5,13.6,13.45,13.59,45479.0
2018-09-06,13.5,13.53,13.41,13.52,29819.0
2018-09-05,13.42,13.54,13.35,13.52,59302.0
2018-09-04,13.45,13.45,13.34,13.44,59727.0
2018-08-31,13.63,13.63,13.34,13.42,75115.0
2018-08-30,13.73,13.73,13.59,13.64,56277.0
2018-08-29,13.76,13.82,13.71,13.82,66274.0
2018-08-28,13.73,13.75,13.69,13.72,44128.0
2018-08-27,13.79,13.83,13.67,13.73,48385.0
2018-08-24,13.8,13.8,13.72,13.79,44291.0
2018-08-23,13.84,13.84,13.71,13.76,75482.0
2018-08-22,13.85,13.86,13.8,13.82,67664.0
2018-08-21,13.81,13.88,13.8,13.86,57394.0
2018-08-20,13.87,13.9,13.79,13.85,63333.0
2018-08-17,13.82,13.89,13.74,13.87,71775.0
2018-08-16,13.9,13.9,13.79,13.83,64674.0
2018-08-15,13.9,13.92,13.82,13.88,54888.0
2018-08-14,13.76,13.94,13.7,13.91,87777.0
2018-08-13,13.68,13.76,13.63,13.76,153297.0
2018-08-10,13.63,13.68,13.5,13.6,82923.0
2018-08-09,13.42,13.74,13.42,13.6,153919.0
2018-08-08,13.29,13.55,13.29,13.35,89571.0
2018-08-07,13.2,13.3,13.2,13.29,68959.0
2018-08-06,13.28,13.28,13.06,13.18,53934.0
2018-08-03,13.09,13.24,13.09,13.2,67410.0
2018-08-02,13.05,13.14,13.02,13.12,53443.0
2018-08-01,13.11,13.16,13.01,13.07,76242.0
2018-07-31,13.27,13.27,13.08,13.15,106020.0
2018-07-30,13.22,13.25,13.08,13.25,91525.0
2018-07-27,13.4,13.41,13.21,13.32,147354.0
2018-07-26,13.34,13.44,13.33,13.38,78462.0
2018-07-25,13.3,13.49,13.27,13.35,99613.0
2018-07-24,13.4,13.4,13.3,13.36,94113.0
2018-07-23,13.57,13.57,13.39,13.4,103878.0
2018-07-20,13.3,13.44,13.28,13.4,59088.0
2018-07-19,13.5,13.57,13.3,13.33,77679.0
2018-07-18,13.26,13.55,13.26,13.53,81904.0
2018-07-17,13.0,13.33,13.0,13.25,110159.0
2018-07-16,12.95,13.15,12.92,13.02,86599.0
2018-07-13,12.79,13.0,12.71,12.92,70875.0
2018-07-12,13.03,13.05,12.75,12.79,114178.0
2018-07-11,12.94,13.11,12.91,12.94,59807.0
2018-07-10,13.02,13.03,12.94,13.01,45262.0
2018-07-09,12.98,13.05,12.97,13.01,28935.0
2018-07-06,13.0,13.06,12.88,12.94,75662.0
2018-07-05,13.08,13.12,13.0,13.04,53826.0
2018-07-03,13.08,13.18,12.82,13.05,69153.0
2018-07-02,12.79,13.12,12.76,13.08,81195.0
2018-06-29,12.9,12.99,12.77,12.78,141536.0
2018-06-28,13.05,13.16,12.8,12.9,159608.0
2018-06-27,13.28,13.36,13.09,13.09,65700.0
2018-06-26,13.22,13.35,13.12,13.25,67580.0
2018-06-25,13.41,13.42,13.16,13.22,106040.0
2018-06-22,13.2,13.51,13.2,13.34,75299.0
2018-06-21,13.29,13.39,13.15,13.16,107150.0
2018-06-20,13.39,13.5,13.17,13.22,57763.0
2018-06-19,13.54,13.65,13.12,13.35,194915.0
2018-06-18,13.48,13.69,13.44,13.6,163863.0
2018-06-15,13.27,13.52,13.27,13.52,115841.0
2018-06-14,13.22,13.41,13.21,13.28,70623.0
2018-06-13,13.19,13.3,13.17,13.21,88213.0
2018-06-12,13.09,13.19,13.09,13.14,70692.0
2018-06-11,13.12,13.2,13.06,13.11,76019.0
2018-06-08,13.0,13.21,12.99,13.11,141754.0
2018-06-07,12.98,13.09,12.9,12.95,91973.0
2018-06-06,12.97,12.99,12.86,12.98,50536.0
2018-06-05,12.94,13.03,12.7,12.97,90591.0
2018-06-04,12.87,12.97,12.73,12.94,311849.0
2018-06-01,12.9,12.9,12.6,12.79,148098.0
2018-05-31,12.8,12.89,12.7,12.84,79630.0
2018-05-30,12.82,12.91,12.75,12.86,86173.0
2018-05-29,13.2,13.25,12.87,13.0,97544.0
