Date,Open,High,Low,Close,Volume
2019-05-24,14.14,14.22,14.06,14.16,94187.0
2019-05-23,14.22,14.26,14.03,14.08,81709.0
2019-05-22,14.22,14.27,14.14,14.21,78760.0
2019-05-21,14.2,14.24,14.12,14.18,131179.0
2019-05-20,14.03,14.2,14.03,14.15,73788.0
2019-05-17,14.03,14.15,14.02,14.03,62586.0
2019-05-16,14.14,14.22,14.03,14.07,115503.0
2019-05-15,14.06,14.18,13.98,14.13,92291.0
2019-05-14,13.89,14.11,13.89,14.06,119307.0
2019-05-13,14.02,14.11,13.85,13.89,130871.0
2019-05-10,14.23,14.36,14.04,14.16,130475.0
2019-05-09,14.2,14.31,14.18,14.3,64314.0
2019-05-08,14.49,14.49,14.26,14.28,70913.0
2019-05-07,14.51,14.68,14.37,14.46,151896.0
2019-05-06,14.33,14.59,14.1,14.54,166871.0
2019-05-03,14.26,14.47,14.23,14.42,117685.0
2019-05-02,14.2,14.3,14.18,14.23,79940.0
2019-05-01,14.3,14.32,14.14,14.17,221631.0
2019-04-30,14.35,14.37,14.25,14.36,99173.0
2019-04-29,14.54,14.56,14.35,14.37,106014.0
2019-04-26,14.43,14.64,14.43,14.58,145448.0
2019-04-25,14.5,14.5,14.27,14.43,126386.0
2019-04-24,14.49,14.55,14.36,14.42,110196.0
2019-04-23,14.36,14.49,14.27,14.44,118588.0
2019-04-22,14.3,14.4,14.21,14.31,114190.0
2019-04-18,14.35,14.4,14.27,14.28,64945.0
2019-04-17,14.4,14.4,14.29,14.37,70737.0
2019-04-16,14.17,14.4,14.17,14.37,146179.0
2019-04-15,14.18,14.24,14.13,14.17,75548.0
2019-04-12,14.25,14.25,14.13,14.13,77957.0
2019-04-11,14.21,14.27,14.15,14.18,51506.0
2019-04-10,14.24,14.24,14.11,14.17,106481.0
2019-04-09,14.29,14.34,14.17,14.25,118216.0
2019-04-08,14.26,14.31,14.22,14.24,54009.0
2019-04-05,14.32,14.35,14.22,14.27,59184.0
2019-04-04,14.27,14.35,14.25,14.32,123447.0
2019-04-03,14.29,14.31,14.2,14.28,159254.0
2019-04-02,14.21,14.29,14.16,14.22,184911.0
2019-04-01,14.2,14.25,14.12,14.2,119055.0
2019-03-29,14.15,14.31,14.1,14.15,226861.0
2019-03-28,14.05,14.18,14.05,14.14,84259.0
2019-03-27,14.09,14.16,14.07,14.16,148619.0
2019-03-26,14.1,14.24,14.04,14.08,204267.0
2019-03-25,14.05,14.12,14.0,14.02,165970.0
2019-03-22,14.03,14.1,14.0,14.0,146740.0
2019-03-21,14.0,14.08,14.0,14.0,237896.0
2019-03-20,14.0,14.17,14.0,14.01,246855.0
2019-03-19,14.03,14.1,14.0,14.01,258422.0
2019-03-18,14.05,14.15,14.0,14.09,322856.0
2019-03-15,14.3,14.33,14.0,14.0,1143932.0
2019-03-14,14.7,14.86,14.7,14.72,111243.0
2019-03-13,14.47,14.72,14.47,14.68,73930.0
2019-03-12,14.85,14.94,14.43,14.44,83827.0
2019-03-11,14.76,14.99,14.76,14.86,110840.0
2019-03-08,14.63,14.86,14.63,14.78,153609.0
2019-03-07,14.56,14.68,14.46,14.62,151497.0
2019-03-06,14.4,14.69,14.01,14.55,130595.0
2019-03-05,14.05,14.05,13.75,13.96,74387.0
2019-03-04,13.8,14.03,13.72,14.03,79994.0
2019-03-01,14.15,14.15,13.56,13.72,189257.0
2019-02-28,14.38,14.39,13.95,14.09,110322.0
2019-02-27,14.82,14.82,14.29,14.35,190620.0
2019-02-26,14.87,14.95,14.73,14.87,136071.0
2019-02-25,15.2,15.25,14.8,14.91,168658.0
2019-02-22,15.03,15.3,14.85,15.2,210631.0
2019-02-21,14.98,14.98,14.75,14.96,80853.0
2019-02-20,14.89,15.11,14.75,14.92,210777.0
2019-02-19,14.71,14.85,14.61,14.81,118006.0
2019-02-15,14.68,14.75,14.61,14.65,76274.0
2019-02-14,14.56,14.7,14.56,14.64,76345.0
2019-02-13,14.49,14.6,14.43,14.57,60536.0
2019-02-12,14.44,14.47,14.4,14.42,36912.0
2019-02-11,14.49,14.56,14.4,14.46,42438.0
2019-02-08,14.46,14.5,14.4,14.47,66012.0
2019-02-07,14.58,14.58,14.38,14.5,51399.0
2019-02-06,14.57,14.58,14.47,14.56,47187.0
2019-02-05,14.4,14.57,14.37,14.53,92845.0
2019-02-04,14.37,14.4,14.26,14.4,55468.0
2019-02-01,14.4,14.4,14.22,14.32,47607.0
2019-01-31,14.2,14.4,14.2,14.4,148823.0
2019-01-30,14.16,14.33,14.04,14.27,114298.0
2019-01-29,14.02,14.25,14.02,14.21,111524.0
2019-01-28,13.94,14.05,13.91,14.03,82316.0
2019-01-25,13.96,14.04,13.89,13.91,57194.0
2019-01-24,13.9,13.96,13.88,13.94,68173.0
2019-01-23,13.88,13.92,13.81,13.92,37109.0
2019-01-22,13.86,13.92,13.82,13.83,37178.0
2019-01-18,13.86,13.93,13.78,13.87,70293.0
2019-01-17,13.91,13.92,13.83,13.85,38548.0
2019-01-16,13.86,13.93,13.82,13.89,103805.0
2019-01-15,13.6,13.9,13.6,13.82,89245.0
2019-01-14,13.54,13.78,13.54,13.59,77567.0
2019-01-11,13.53,13.7,13.45,13.62,65187.0
2019-01-10,13.5,13.55,13.39,13.51,42591.0
2019-01-09,13.74,13.74,13.43,13.49,86966.0
2019-01-08,13.6,13.75,13.49,13.72,78341.0
2019-01-07,13.46,13.59,13.34,13.55,88784.0
2019-01-04,13.32,13.45,13.23,13.43,53703.0
2019-01-03,13.27,13.45,13.17,13.27,101579.0
2019-01-02,12.86,13.35,12.85,13.27,97311.0
2018-12-31,12.99,13.17,12.83,12.95,286291.0
2018-12-28,12.94,13.35,12.84,12.88,118880.0
2018-12-27,12.5,13.13,12.3,13.06,116545.0
2018-12-26,11.95,12.59,11.95,12.56,116525.0
2018-12-24,12.13,12.16,11.86,11.91,77711.0
2018-12-21,12.05,12.22,11.65,12.22,863107.0
2018-12-20,12.25,12.34,11.88,12.13,251858.0
2018-12-19,12.57,12.73,12.19,12.23,180635.0
2018-12-18,12.53,12.8,12.51,12.51,120669.0
2018-12-17,13.31,13.4,12.41,12.51,432820.0
2018-12-14,13.53,13.66,13.37,13.42,111541.0
2018-12-13,13.65,13.69,13.47,13.58,72211.0
2018-12-12,13.72,13.91,13.59,13.62,127058.0
2018-12-11,13.5,13.68,13.44,13.65,118078.0
2018-12-10,13.45,13.54,13.37,13.44,84377.0
2018-12-07,13.58,13.64,13.38,13.41,86816.0
2018-12-06,13.4,13.61,13.27,13.61,80469.0
2018-12-04,13.61,13.63,13.41,13.54,85942.0
2018-12-03,13.76,13.76,13.41,13.6,90976.0
2018-11-30,13.63,13.64,13.45,13.64,81953.0
2018-11-29,13.65,13.65,13.55,13.62,59603.0
2018-11-28,13.66,13.7,13.62,13.65,97557.0
2018-11-27,13.58,13.7,13.55,13.63,102388.0
2018-11-26,13.79,13.79,13.65,13.65,85541.0
2018-11-23,13.59,13.66,13.52,13.63,42047.0
2018-11-21,13.5,13.51,13.32,13.42,41842.0
2018-11-20,13.45,13.45,13.3,13.38,68507.0
2018-11-19,13.31,13.55,13.31,13.54,76343.0
2018-11-16,13.04,13.32,13.01,13.31,79779.0
2018-11-15,13.12,13.17,13.02,13.07,40370.0
2018-11-14,13.28,13.28,13.11,13.15,69144.0
2018-11-13,12.86,13.29,12.82,13.23,81491.0
2018-11-12,13.13,13.13,12.75,12.79,75777.0
2018-11-09,13.13,13.17,13.0,13.08,40363.0
2018-11-08,13.08,13.28,13.08,13.1,76766.0
2018-11-07,12.71,13.11,12.5,13.07,103227.0
2018-11-06,12.42,12.5,12.37,12.47,21214.0
2018-11-05,12.32,12.5,12.32,12.43,51662.0
2018-11-02,12.5,12.54,12.32,12.32,66387.0
2018-11-01,12.28,12.54,12.28,12.48,55773.0
2018-10-31,12.35,12.4,12.25,12.25,80808.0
2018-10-30,12.25,12.39,12.21,12.28,54333.0
2018-10-29,12.35,12.42,12.26,12.29,34599.0
2018-10-26,12.41,12.47,12.22,12.26,46435.0
2018-10-25,12.42,12.53,11.65,12.53,173257.0
2018-10-24,12.58,12.58,12.4,12.44,37467.0
2018-10-23,12.64,12.65,12.47,12.59,40688.0
2018-10-22,12.77,12.83,12.68,12.73,67328.0
2018-10-19,12.99,13.04,12.5,12.77,150111.0
2018-10-18,13.03,13.06,12.89,13.0,32053.0
2018-10-17,13.02,13.06,12.95,13.01,54816.0
2018-10-16,12.91,13.08,12.87,13.03,48670.0
2018-10-15,12.91,12.99,12.9,12.9,41285.0
2018-10-12,13.01,13.05,12.86,12.91,61788.0
2018-10-11,13.27,13.27,12.8,12.85,142038.0
2018-10-10,13.41,13.5,13.26,13.28,46241.0
2018-10-09,13.32,13.42,13.32,13.41,52539.0
2018-10-08,13.36,13.5,13.36,13.4,60464.0
2018-10-05,13.44,13.45,13.35,13.41,65134.0
2018-10-04,13.63,13.63,13.34,13.44,102025.0
2018-10-03,13.58,13.69,13.58,13.62,59378.0
2018-10-02,13.6,13.67,13.55,13.58,54231.0
2018-10-01,13.64,13.68,13.58,13.61,72573.0
2018-09-28,13.81,13.85,13.63,13.64,73354.0
2018-09-27,13.68,13.85,13.63,13.8,84201.0
2018-09-26,13.91,13.91,13.81,13.81,60077.0
2018-09-25,13.91,13.94,13.83,13.91,71959.0
2018-09-24,13.93,13.99,13.86,13.89,51733.0
2018-09-21,13.85,13.98,13.78,13.93,68578.0
2018-09-20,13.91,13.92,13.83,13.83,54259.0
2018-09-19,13.9,13.93,13.86,13.91,38460.0
2018-09-18,13.89,13.94,13.81,13.87,48296.0
2018-09-17,13.65,13.88,13.65,13.88,62644.0
2018-09-14,13.9,13.9,13.64,13.66,65580.0
2018-09-13,13.73,14.0,13.72,13.87,98231.0
2018-09-12,13.6,13.77,13.51,13.72,66240.0
2018-09-11,13.71,13.72,13.57,13.58,51323.0
2018-09-10,13.62,13.78,13.54,13.74,102639.0
2018-09-07,13.5,13.6,13.45,13.59,45479.0
2018-09-06,13.5,13.53,13.41,13.52,29819.0
2018-09-05,13.42,13.54,13.35,13.52,59302.0
2018-09-04,13.45,13.45,13.34,13.44,59727.0
2018-08-31,13.63,13.63,13.34,13.42,75115.0
2018-08-30,13.73,13.73,13.59,13.64,56277.0
2018-08-29,13.76,13.82,13.71,13.82,66274.0
2018-08-28,13.73,13.75,13.69,13.72,44128.0
2018-08-27,13.79,13.83,13.67,13.73,48385.0
2018-08-24,13.8,13.8,13.72,13.79,44291.0
2018-08-23,13.84,13.84,13.71,13.76,75482.0
2018-08-22,13.85,13.86,13.8,13.82,67664.0
2018-08-21,13.81,13.88,13.8,13.86,57394.0
2018-08-20,13.87,13.9,13.79,13.85,63333.0
2018-08-17,13.82,13.89,13.74,13.87,71775.0
2018-08-16,13.9,13.9,13.79,13.83,64674.0
2018-08-15,13.9,13.92,13.82,13.88,54888.0
2018-08-14,13.76,13.94,13.7,13.91,87777.0
2018-08-13,13.68,13.76,13.63,13.76,153297.0
2018-08-10,13.63,13.68,13.5,13.6,82923.0
2018-08-09,13.42,13.74,13.42,13.6,153919.0
2018-08-08,13.29,13.55,13.29,13.35,89571.0
2018-08-07,13.2,13.3,13.2,13.29,68959.0
2018-08-06,13.28,13.28,13.06,13.18,53934.0
2018-08-03,13.09,13.24,13.09,13.2,67410.0
2018-08-02,13.05,13.14,13.02,13.12,53443.0
2018-08-01,13.11,13.16,13.01,13.07,76242.0
2018-07-31,13.27,13.27,13.08,13.15,106020.0
2018-07-30,13.22,13.25,13.08,13.25,91525.0
2018-07-27,13.4,13.41,13.21,13.32,147354.0
2018-07-26,13.34,13.44,13.33,13.38,78462.0
2018-07-25,13.3,13.49,13.27,13.35,99613.0
2018-07-24,13.4,13.4,13.3,13.36,94113.0
2018-07-23,13.57,13.57,13.39,13.4,103878.0
2018-07-20,13.3,13.44,13.28,13.4,59088.0
2018-07-19,13.5,13.57,13.3,13.33,77679.0
2018-07-18,13.26,13.55,13.26,13.53,81904.0
2018-07-17,13.0,13.33,13.0,13.25,110159.0
2018-07-16,12.95,13.15,12.92,13.02,86599.0
2018-07-13,12.79,13.0,12.71,12.92,70875.0
2018-07-12,13.03,13.05,12.75,12.79,114178.0
2018-07-11,12.94,13.11,12.91,12.94,59807.0
2018-07-10,13.02,13.03,12.94,13.01,45262.0
2018-07-09,12.98,13.05,12.97,13.01,28935.0
2018-07-06,13.0,13.06,12.88,12.94,75662.0
2018-07-05,13.08,13.12,13.0,13.04,53826.0
2018-07-03,13.08,13.18,12.82,13.05,69153.0
2018-07-02,12.79,13.12,12.76,13.08,81195.0
2018-06-29,12.9,12.99,12.77,12.78,141536.0
2018-06-28,13.05,13.16,12.8,12.9,159608.0
2018-06-27,13.28,13.36,13.09,13.09,65700.0
2018-06-26,13.22,13.35,13.12,13.25,67580.0
2018-06-25,13.41,13.42,13.16,13.22,106040.0
2018-06-22,13.2,13.51,13.2,13.34,75299.0
2018-06-21,13.29,13.39,13.15,13.16,107150.0
2018-06-20,13.39,13.5,13.17,13.22,57763.0
2018-06-19,13.54,13.65,13.12,13.35,194915.0
2018-06-18,13.48,13.69,13.44,13.6,163863.0
2018-06-15,13.27,13.52,13.27,13.52,115841.0
2018-06-14,13.22,13.41,13.21,13.28,70623.0
2018-06-13,13.19,13.3,13.17,13.21,88213.0
2018-06-12,13.09,13.19,13.09,13.14,70692.0
2018-06-11,13.12,13.2,13.06,13.11,76019.0
2018-06-08,13.0,13.21,12.99,13.11,141754.0
2018-06-07,12.98,13.09,12.9,12.95,91973.0
2018-06-06,12.97,12.99,12.86,12.98,50536.0
2018-06-05,12.94,13.03,12.7,12.97,90591.0
2018-06-04,12.87,12.97,12.73,12.94,311849.0
2018-06-01,12.9,12.9,12.6,12.79,148098.0
2018-05-31,12.8,12.89,12.7,12.84,79630.0
2018-05-30,12.82,12.91,12.75,12.86,86173.0
2018-05-29,13.2,13.25,12.87,13.0,97544.0
2018-05-25,12.97,13.25,12.95,13.18,84401.0
2018-05-24,12.9,13.05,12.86,12.97,60142.0
2018-05-23,12.76,12.9,12.76,12.88,49154.0
2018-05-22,12.87,12.89,12.77,12.8,120028.0
2018-05-21,12.84,12.89,12.76,12.85,44913.0
2018-05-18,12.9,12.91,12.68,12.77,89691.0
2018-05-17,12.9,12.98,12.83,12.87,64037.0
2018-05-16,12.86,13.1,12.83,12.89,67371.0
2018-05-15,12.92,12.95,12.81,12.87,62871.0
2018-05-14,12.87,13.03,12.85,12.89,76872.0
2018-05-11,12.83,12.99,12.73,12.84,69453.0
2018-05-10,12.86,12.9,12.75,12.79,82409.0
2018-05-09,12.65,12.99,12.51,12.87,492432.0
2018-05-08,12.54,12.74,12.44,12.66,64892.0
2018-05-07,12.44,12.66,12.4,12.53,109307.0
2018-05-04,12.55,12.58,12.35,12.51,88209.0
2018-05-03,12.46,12.57,12.17,12.57,158372.0
2018-05-02,12.65,12.7,12.39,12.5,117421.0
2018-05-01,12.73,12.77,12.41,12.7,124729.0
2018-04-30,12.79,12.85,12.52,12.73,124649.0
2018-04-27,12.65,12.83,12.6,12.75,108243.0
2018-04-26,12.72,12.87,12.54,12.79,74137.0
2018-04-25,12.59,12.81,12.53,12.69,171752.0
2018-04-24,12.68,12.7,12.51,12.6,159441.0
2018-04-23,12.42,12.7,12.42,12.63,144368.0
2018-04-20,12.33,12.55,12.31,12.42,112645.0
2018-04-19,12.38,12.44,12.27,12.31,127902.0
2018-04-18,12.26,12.45,12.23,12.39,110549.0
2018-04-17,12.28,12.43,12.25,12.26,112564.0
2018-04-16,12.17,12.29,12.15,12.22,90125.0
2018-04-13,12.15,12.24,12.11,12.16,50355.0
2018-04-12,12.0,12.22,12.0,12.09,94341.0
2018-04-11,12.16,12.28,12.0,12.03,93095.0
2018-04-10,12.29,12.32,12.17,12.19,86879.0
2018-04-09,12.12,12.27,12.04,12.17,64731.0
2018-04-06,12.03,12.23,12.03,12.09,71801.0
2018-04-05,11.93,12.24,11.71,12.08,90928.0
2018-04-04,11.68,11.98,11.67,11.86,64479.0
2018-04-03,11.6,11.77,11.56,11.75,64358.0
2018-04-02,11.47,11.58,11.47,11.56,66964.0
2018-03-29,11.55,11.64,11.48,11.51,121350.0
2018-03-28,11.63,11.66,11.45,11.54,89379.0
2018-03-27,11.96,12.03,11.68,11.75,98465.0
2018-03-26,11.89,12.01,11.75,11.94,94590.0
2018-03-23,11.85,11.91,11.8,11.82,65326.0
2018-03-22,11.79,11.94,11.79,11.86,67331.0
2018-03-21,11.9,11.99,11.84,11.89,53027.0
2018-03-20,11.86,12.06,11.86,11.94,128017.0
2018-03-19,11.81,11.84,11.71,11.76,54546.0
2018-03-16,11.65,11.92,11.63,11.83,100832.0
2018-03-15,11.91,11.94,11.58,11.66,134903.0
2018-03-14,11.93,12.08,11.91,11.92,59150.0
2018-03-13,11.95,11.95,11.85,11.91,85859.0
2018-03-12,11.96,11.96,11.82,11.89,64256.0
2018-03-09,11.92,11.99,11.75,11.91,81570.0
2018-03-08,11.41,11.87,11.41,11.82,109971.0
2018-03-07,11.36,11.47,11.16,11.47,112800.0
2018-03-06,11.8,11.8,11.39,11.43,76089.0
2018-03-05,11.31,11.74,11.31,11.61,97320.0
2018-03-02,11.3,11.47,11.07,11.43,115708.0
2018-03-01,11.44,11.49,11.28,11.34,81692.0
2018-02-28,11.71,11.76,11.43,11.43,68624.0
2018-02-27,11.77,11.87,11.62,11.65,60134.0
2018-02-26,11.85,11.95,11.75,11.93,118485.0
2018-02-23,11.85,11.9,11.74,11.75,131208.0
2018-02-22,11.83,11.94,11.75,11.79,72123.0
2018-02-21,11.87,11.94,11.75,11.77,76954.0
2018-02-20,11.93,12.0,11.8,11.87,67650.0
2018-02-16,11.83,12.11,11.81,11.99,67407.0
2018-02-15,11.96,11.97,11.75,11.81,71017.0
2018-02-14,11.9,11.98,11.8,11.89,65061.0
2018-02-13,12.03,12.07,11.81,11.92,76295.0
2018-02-12,11.55,12.02,11.5,11.99,82550.0
2018-02-09,11.55,11.59,11.36,11.5,124413.0
2018-02-08,11.71,11.82,11.46,11.49,70663.0
2018-02-07,11.56,11.85,11.56,11.67,77270.0
2018-02-06,11.3,11.7,11.25,11.57,113645.0
2018-02-05,11.7,11.72,11.3,11.36,256156.0
2018-02-02,11.8,11.95,11.75,11.8,58021.0
2018-02-01,11.96,12.09,11.8,11.88,104910.0
2018-01-31,12.26,12.35,11.96,11.96,162363.0
2018-01-30,12.41,12.48,12.15,12.25,95365.0
2018-01-29,12.87,12.9,12.48,12.54,151820.0
2018-01-26,12.95,12.98,12.76,12.87,72951.0
2018-01-25,12.75,13.0,12.66,12.9,110992.0
2018-01-24,12.72,12.84,12.65,12.72,62066.0
2018-01-23,12.76,12.82,12.66,12.72,52331.0
2018-01-22,12.71,12.83,12.64,12.74,52351.0
2018-01-19,12.88,12.92,12.65,12.7,101392.0
2018-01-18,12.6,12.92,12.6,12.88,79094.0
2018-01-17,12.46,12.68,12.46,12.61,55592.0
2018-01-16,12.65,12.85,12.46,12.48,123040.0
2018-01-12,12.5,12.69,12.5,12.69,81116.0
2018-01-11,12.56,12.75,12.51,12.54,60127.0
2018-01-10,12.7,12.8,12.56,12.58,80166.0
2018-01-09,12.84,12.86,12.63,12.7,63556.0
2018-01-08,12.5,12.92,12.5,12.81,127148.0
2018-01-05,12.75,12.78,12.31,12.55,199452.0
2018-01-04,12.9,12.99,12.68,12.68,155108.0
2018-01-03,12.98,13.01,12.76,12.97,110689.0
2018-01-02,13.24,13.28,12.96,13.0,149325.0
2017-12-29,13.12,13.37,13.12,13.14,116786.0
2017-12-28,13.21,13.26,13.05,13.17,136622.0
2017-12-27,13.4,13.4,13.19,13.21,96944.0
2017-12-26,13.54,13.54,13.31,13.32,106504.0
2017-12-22,13.26,13.57,13.15,13.49,128408.0
2017-12-21,13.3,13.51,13.15,13.24,115225.0
2017-12-20,13.03,13.4,13.02,13.26,110212.0
2017-12-19,13.44,13.64,13.0,13.03,208674.0
2017-12-18,13.85,14.1,13.44,13.46,243320.0
2017-12-15,13.8,13.9,13.5,13.8,1039001.0
2017-12-14,13.28,13.9,13.15,13.82,247038.0
2017-12-13,13.05,13.35,12.98,13.27,182080.0
2017-12-12,12.88,13.39,12.68,13.03,183848.0
2017-12-11,12.44,13.03,12.32,12.91,157988.0
2017-12-08,12.57,12.57,12.15,12.5,137668.0
2017-12-07,12.44,12.55,12.28,12.5,135588.0
2017-12-06,12.57,12.6,12.42,12.49,98301.0
2017-12-05,12.63,12.65,12.51,12.58,80765.0
2017-12-04,12.77,12.82,12.55,12.62,112846.0
2017-12-01,12.69,12.74,12.6,12.71,130096.0
2017-11-30,12.89,12.89,12.66,12.77,113211.0
2017-11-29,12.84,12.96,12.81,12.92,98099.0
2017-11-28,13.12,13.13,12.9,13.0,148204.0
2017-11-27,13.03,13.13,13.02,13.08,87359.0
2017-11-24,12.99,13.08,12.89,13.0,51305.0
2017-11-22,12.95,13.13,12.82,13.02,48227.0
2017-11-21,13.1,13.14,12.82,12.96,124352.0
2017-11-20,12.67,13.12,12.63,12.98,169649.0
2017-11-17,12.69,12.74,12.33,12.67,174335.0
2017-11-16,12.22,12.45,12.22,12.4,146872.0
2017-11-15,12.43,12.44,12.15,12.19,173295.0
2017-11-14,12.2,12.83,12.2,12.53,285391.0
2017-11-13,12.82,12.82,11.57,12.23,476179.0
2017-11-10,13.97,13.99,12.43,12.86,470571.0
2017-11-09,13.81,13.97,13.8,13.96,42858.0
2017-11-08,13.84,13.98,13.82,13.84,37996.0
2017-11-07,13.93,13.95,13.81,13.85,50090.0
2017-11-06,13.89,14.12,13.71,14.0,105409.0
2017-11-03,14.08,14.08,13.73,13.81,61281.0
2017-11-02,13.95,14.08,13.69,14.08,53747.0
2017-11-01,13.91,13.98,13.5,13.96,103415.0
2017-10-31,13.97,14.14,13.75,13.8,135317.0
2017-10-30,14.17,14.25,13.91,13.94,136380.0
2017-10-27,14.13,14.29,14.11,14.29,109006.0
2017-10-26,14.07,14.19,14.04,14.13,73764.0
2017-10-25,14.2,14.21,13.98,14.07,77120.0
2017-10-24,14.09,14.21,14.09,14.16,73780.0
2017-10-23,14.16,14.19,14.0,14.04,67858.0
2017-10-20,14.16,14.18,14.06,14.06,60295.0
2017-10-19,14.12,14.18,14.09,14.14,48612.0
2017-10-18,14.11,14.16,14.02,14.13,56013.0
2017-10-17,14.15,14.18,14.0,14.07,104411.0
2017-10-16,14.07,14.23,13.95,14.13,122175.0
2017-10-13,14.11,14.15,13.97,13.98,58926.0
2017-10-12,13.95,14.16,13.87,14.05,88229.0
2017-10-11,13.77,13.94,13.75,13.93,89845.0
2017-10-10,13.79,13.89,13.77,13.77,68872.0
2017-10-09,13.7,13.81,13.7,13.77,84439.0
2017-10-06,13.7,13.71,13.67,13.68,24726.0
2017-10-05,13.67,13.73,13.62,13.72,71215.0
2017-10-04,13.69,13.71,13.65,13.65,48334.0
2017-10-03,13.63,13.71,13.6,13.71,48460.0
2017-10-02,13.65,13.65,13.55,13.63,94470.0
2017-09-29,13.63,13.68,13.6,13.65,50766.0
2017-09-28,13.61,13.67,13.6,13.65,76938.0
2017-09-27,13.7,13.72,13.65,13.69,89944.0
2017-09-26,13.73,13.73,13.63,13.66,66645.0
2017-09-25,13.75,13.75,13.65,13.7,86350.0
2017-09-22,13.68,13.68,13.62,13.63,69810.0
2017-09-21,13.76,13.76,13.65,13.65,62915.0
2017-09-20,13.71,13.78,13.69,13.74,78908.0
2017-09-19,13.63,13.74,13.61,13.71,85733.0
2017-09-18,13.64,13.7,13.61,13.67,77724.0
2017-09-15,13.58,13.63,13.57,13.6,86985.0
2017-09-14,13.52,13.57,13.4,13.54,58542.0
2017-09-13,13.42,13.5,13.34,13.47,114835.0
2017-09-12,13.36,13.4,13.31,13.32,46501.0
2017-09-11,13.33,13.39,13.26,13.31,67747.0
2017-09-08,13.4,13.41,13.26,13.3,142056.0
2017-09-07,13.5,13.5,13.42,13.44,36622.0
2017-09-06,13.53,13.55,13.47,13.47,37498.0
2017-09-05,13.62,13.62,13.43,13.49,44279.0
2017-09-01,13.42,13.65,13.42,13.55,62218.0
2017-08-31,13.67,13.67,13.42,13.42,94676.0
2017-08-30,13.52,13.7,13.51,13.67,81274.0
2017-08-29,13.58,13.61,13.49,13.52,51247.0
2017-08-28,13.72,13.75,13.7,13.73,43552.0
2017-08-25,13.69,13.8,13.66,13.72,53076.0
2017-08-24,13.65,13.73,13.63,13.66,76016.0
2017-08-23,13.58,13.76,13.58,13.66,81446.0
2017-08-22,13.64,13.69,13.56,13.61,56284.0
2017-08-21,13.6,13.71,13.54,13.56,40714.0
2017-08-18,13.62,13.66,13.59,13.59,43424.0
2017-08-17,13.74,13.8,13.61,13.64,77258.0
2017-08-16,13.86,13.87,13.6,13.73,78831.0
2017-08-15,13.69,13.89,13.69,13.82,111138.0
2017-08-14,13.45,13.69,13.39,13.68,59820.0
2017-08-11,13.3,13.59,13.3,13.4,67486.0
2017-08-10,13.49,13.54,13.26,13.32,75044.0
2017-08-09,13.5,13.65,13.4,13.47,99204.0
2017-08-08,13.64,13.75,13.6,13.61,49011.0
2017-08-07,13.64,13.75,13.64,13.67,57312.0
2017-08-04,13.6,13.89,13.44,13.64,98815.0
2017-08-03,13.3,13.4,13.27,13.39,55916.0
2017-08-02,13.47,13.55,13.21,13.35,93667.0
2017-08-01,13.69,13.7,13.45,13.48,63488.0
2017-07-31,13.71,13.73,13.48,13.65,74977.0
2017-07-28,13.6,13.74,13.52,13.6,66153.0
2017-07-27,13.76,13.76,13.55,13.62,82746.0
2017-07-26,13.8,13.9,13.76,13.85,85084.0
2017-07-25,13.85,13.94,13.75,13.75,95318.0
2017-07-24,13.86,13.89,13.81,13.85,39103.0
2017-07-21,13.73,13.9,13.73,13.81,106421.0
2017-07-20,13.77,13.82,13.68,13.74,75234.0
2017-07-19,13.69,13.83,13.67,13.77,47714.0
2017-07-18,13.85,13.85,13.65,13.74,49938.0
2017-07-17,13.66,13.88,13.65,13.85,78471.0
2017-07-14,13.63,13.82,13.6,13.78,62983.0
2017-07-13,13.67,13.75,13.55,13.63,69912.0
2017-07-12,13.71,13.71,13.6,13.67,43424.0
2017-07-11,13.71,13.71,13.56,13.65,47586.0
2017-07-10,13.65,13.76,13.53,13.62,61370.0
2017-07-07,13.49,13.7,13.36,13.65,52032.0
2017-07-06,13.65,13.66,13.51,13.56,67138.0
2017-07-05,13.63,13.75,13.5,13.64,50664.0
2017-07-04,13.71,13.71,13.71,13.71,0.0
2017-07-03,13.83,13.95,13.62,13.71,61322.0
2017-06-30,13.65,13.71,13.5,13.71,115336.0
2017-06-29,13.6,13.7,13.46,13.61,77214.0
2017-06-28,13.79,13.79,13.48,13.65,58172.0
2017-06-27,13.85,14.0,13.83,13.86,93621.0
2017-06-26,13.49,13.92,13.49,13.85,109144.0
2017-06-23,13.32,13.6,13.28,13.49,114999.0
2017-06-22,13.31,13.4,13.2,13.25,114555.0
2017-06-21,13.21,13.47,13.15,13.3,92643.0
2017-06-20,13.46,13.56,13.15,13.28,191953.0
2017-06-19,13.67,13.78,13.47,13.47,128293.0
2017-06-16,13.54,13.66,13.51,13.66,61932.0
2017-06-15,13.5,13.6,13.33,13.47,83737.0
2017-06-14,13.25,13.6,13.25,13.51,113263.0
2017-06-13,13.48,13.5,13.27,13.29,238578.0
2017-06-12,13.43,13.61,13.42,13.55,121361.0
2017-06-09,13.69,13.76,13.42,13.44,227995.0
2017-06-08,13.87,13.92,13.68,13.69,131989.0
2017-06-07,13.78,13.95,13.7,13.87,99776.0
2017-06-06,14.0,14.01,13.72,13.78,109429.0
2017-06-05,14.03,14.07,13.96,14.02,107467.0
2017-06-02,14.16,14.23,14.0,14.06,86786.0
2017-06-01,14.22,14.33,14.19,14.3,80612.0
2017-05-31,14.01,14.32,14.0,14.15,144753.0
2017-05-30,14.03,14.1,13.97,14.03,91130.0
2017-05-29,14.06,14.06,14.06,14.06,0.0
2017-05-26,14.26,14.3,14.01,14.06,90848.0
2017-05-25,14.31,14.42,14.27,14.3,60308.0
2017-05-24,14.41,14.47,14.26,14.31,65703.0
2017-05-23,14.41,14.48,14.27,14.34,111408.0
2017-05-22,14.06,14.42,14.03,14.36,109639.0
2017-05-19,14.3,14.3,13.85,14.06,121088.0
2017-05-18,14.1,14.35,14.06,14.3,78195.0
2017-05-17,14.09,14.4,13.88,14.11,90014.0
2017-05-16,14.4,14.43,14.12,14.17,97405.0
2017-05-15,14.24,14.47,14.23,14.36,122736.0
2017-05-12,13.95,14.25,13.9,14.23,156093.0
2017-05-11,13.5,13.86,13.49,13.85,61885.0
2017-05-10,13.85,13.9,13.5,13.54,138669.0
2017-05-09,13.7,13.97,13.55,13.83,124787.0
2017-05-08,13.81,14.11,13.6,13.67,169745.0
2017-05-05,13.83,14.14,12.26,14.02,579165.0
2017-05-04,14.5,14.5,14.05,14.12,154569.0
2017-05-03,14.44,14.5,14.33,14.5,88205.0
2017-05-02,14.38,14.48,14.38,14.45,118655.0
2017-05-01,14.47,14.47,14.32,14.36,94724.0
2017-04-28,14.34,14.41,14.15,14.36,96297.0
2017-04-27,14.25,14.36,14.16,14.34,78825.0
2017-04-26,14.26,14.36,14.14,14.28,113257.0
2017-04-25,14.23,14.35,14.17,14.28,105095.0
2017-04-24,14.18,14.23,14.14,14.2,91182.0
2017-04-21,14.14,14.15,14.09,14.14,81986.0
2017-04-20,14.13,14.15,13.9,14.09,170791.0
2017-04-19,14.16,14.18,14.1,14.1,59424.0
2017-04-18,14.1,14.19,14.01,14.12,96603.0
2017-04-17,14.17,14.2,14.0,14.05,135976.0
2017-04-14,14.14,14.14,14.14,14.14,0.0
2017-04-13,14.17,14.2,14.1,14.14,89769.0
2017-04-12,14.15,14.3,14.09,14.17,86938.0
2017-04-11,14.05,14.24,14.0,14.16,135629.0
2017-04-10,14.1,14.24,14.0,14.02,193711.0
2017-04-07,13.98,14.04,13.78,13.84,157325.0
2017-04-06,14.11,14.11,13.91,14.0,147649.0
2017-04-05,14.0,14.15,13.9,14.1,920984.0
2017-04-04,14.65,14.65,14.35,14.39,54588.0
2017-04-03,14.67,14.67,14.45,14.55,49896.0
2017-03-31,14.4,14.55,14.3,14.55,90738.0
2017-03-30,14.27,14.4,14.26,14.38,63285.0
2017-03-29,14.07,14.3,14.0,14.24,68804.0
2017-03-28,14.21,14.33,14.16,14.2,68737.0
2017-03-27,14.4,14.4,14.1,14.17,50817.0
2017-03-24,14.21,14.4,14.1,14.39,65016.0
2017-03-23,14.18,14.49,14.18,14.2,86078.0
2017-03-22,14.15,14.4,14.13,14.2,54374.0
2017-03-21,14.55,14.67,14.18,14.3,74239.0
2017-03-20,14.67,14.77,14.44,14.46,108354.0
2017-03-17,14.35,14.82,14.15,14.57,181850.0
2017-03-16,14.2,14.5,14.2,14.3,101102.0
2017-03-15,14.1,14.49,14.07,14.2,99441.0
2017-03-14,13.97,14.2,13.95,14.04,99428.0
2017-03-13,13.71,14.08,13.67,13.92,172198.0
2017-03-10,13.2,13.52,13.05,13.47,111989.0
2017-03-09,13.9,13.9,12.51,13.08,359840.0
2017-03-08,13.94,13.97,13.85,13.9,38152.0
2017-03-07,13.87,13.93,13.79,13.9,57398.0
2017-03-06,13.85,14.06,13.75,13.92,40569.0
2017-03-03,14.04,14.08,13.83,13.95,70354.0
2017-03-02,14.07,14.08,13.87,14.02,79168.0
2017-03-01,13.95,14.07,13.89,14.07,63247.0
2017-02-28,13.99,14.08,13.82,13.93,113746.0
2017-02-27,14.13,14.13,13.95,14.02,67106.0
2017-02-24,14.09,14.21,13.85,14.09,105212.0
2017-02-23,14.34,14.39,14.14,14.23,130597.0
2017-02-22,14.25,14.3,14.05,14.21,96059.0
2017-02-21,14.0,14.28,13.97,14.19,117779.0
2017-02-20,13.98,13.98,13.98,13.98,0.0
2017-02-17,13.93,13.98,13.86,13.98,80389.0
2017-02-16,13.97,14.0,13.93,14.0,89675.0
2017-02-15,13.95,13.97,13.85,13.95,71267.0
2017-02-14,13.8,13.95,13.77,13.95,100758.0
2017-02-13,13.95,13.95,13.83,13.85,93068.0
2017-02-10,13.92,13.98,13.8,13.86,95808.0
2017-02-09,13.8,13.95,13.78,13.91,92740.0
2017-02-08,14.0,14.0,13.75,13.84,83256.0
2017-02-07,13.89,13.93,13.8,13.93,93784.0
2017-02-06,13.64,13.89,13.64,13.85,131394.0
2017-02-03,13.55,13.66,13.45,13.64,74270.0
2017-02-02,13.19,13.48,13.19,13.46,47983.0
2017-02-01,13.31,13.49,13.24,13.28,38928.0
2017-01-31,13.25,13.44,13.2,13.32,55908.0
2017-01-30,13.31,13.35,13.2,13.25,57930.0
2017-01-27,13.45,13.45,13.2,13.36,76716.0
2017-01-26,13.42,13.5,13.4,13.48,88267.0
2017-01-25,13.47,13.5,13.4,13.45,50732.0
2017-01-24,13.45,13.5,13.35,13.44,85849.0
2017-01-23,13.35,13.5,13.3,13.4,106345.0
2017-01-20,13.34,13.44,13.26,13.35,35027.0
2017-01-19,13.35,13.4,13.1,13.27,71001.0
2017-01-18,13.17,13.45,13.11,13.32,109858.0
2017-01-17,12.98,13.12,12.95,13.12,84003.0
2017-01-16,13.0,13.0,13.0,13.0,0.0
2017-01-13,12.98,13.1,12.81,13.0,60873.0
2017-01-12,13.05,13.1,12.79,12.92,74278.0
2017-01-11,12.89,13.1,12.73,13.07,104080.0
2017-01-10,12.4,12.88,12.35,12.85,206244.0
2017-01-09,12.36,12.4,12.27,12.31,58188.0
2017-01-06,12.3,12.34,12.21,12.28,41813.0
2017-01-05,12.4,12.43,12.25,12.3,91962.0
2017-01-04,12.17,12.4,12.11,12.39,188482.0
2017-01-03,12.16,12.21,12.02,12.09,83186.0
2017-01-02,12.06,12.06,12.06,12.06,0.0
2016-12-30,11.96,12.13,11.96,12.06,40347.0
2016-12-29,11.93,12.04,11.89,11.96,41287.0
2016-12-28,12.19,12.2,12.0,12.05,52116.0
2016-12-27,12.31,12.31,12.18,12.2,78491.0
2016-12-26,12.24,12.24,12.24,12.24,0.0
2016-12-23,12.18,12.27,12.11,12.24,33818.0
2016-12-22,12.35,12.35,12.01,12.09,91241.0
2016-12-21,12.2,12.75,12.18,12.33,75339.0
2016-12-20,12.2,12.3,12.18,12.21,83986.0
2016-12-19,12.1,12.35,12.1,12.22,74829.0
2016-12-16,12.17,12.2,12.05,12.1,92769.0
2016-12-15,12.11,12.25,11.95,12.06,75843.0
2016-12-14,12.11,12.35,11.98,12.09,128490.0
2016-12-13,11.96,12.12,11.88,12.07,82550.0
2016-12-12,11.58,12.11,11.45,12.06,118240.0
2016-12-09,11.45,11.59,11.38,11.53,75103.0
2016-12-08,11.56,11.64,11.35,11.38,81273.0
2016-12-07,11.59,11.64,11.27,11.54,75636.0
2016-12-06,11.71,11.71,11.52,11.54,55480.0
2016-12-05,11.86,11.86,11.57,11.61,72395.0
2016-12-02,11.71,11.86,11.55,11.81,42328.0
2016-12-01,11.88,11.9,11.6,11.68,80940.0
2016-11-30,11.91,11.91,11.6,11.87,49420.0
2016-11-29,11.88,11.94,11.67,11.91,42712.0
2016-11-28,11.91,11.91,11.69,11.87,109126.0
2016-11-25,11.91,12.0,11.82,11.84,40154.0
2016-11-24,11.8,11.8,11.8,11.8,0.0
2016-11-23,11.56,11.86,11.56,11.8,88606.0
2016-11-22,11.59,11.7,11.5,11.62,142480.0
2016-11-21,11.45,11.56,11.45,11.5,51673.0
2016-11-18,11.5,11.5,11.23,11.42,75656.0
2016-11-17,11.51,11.55,11.41,11.47,45695.0
2016-11-16,11.55,11.57,11.48,11.51,72382.0
2016-11-15,11.5,11.59,11.47,11.47,63338.0
2016-11-14,11.26,11.6,11.2,11.47,115731.0
2016-11-11,11.34,11.4,11.3,11.39,54111.0
2016-11-10,11.08,11.37,11.08,11.33,112179.0
2016-11-09,10.76,11.07,10.76,11.07,46506.0
2016-11-08,10.6,10.77,10.58,10.75,32575.0
2016-11-07,10.78,10.78,10.62,10.7,49943.0
2016-11-04,10.44,10.88,10.44,10.76,37888.0
2016-11-03,10.56,10.56,10.22,10.35,61153.0
2016-11-02,10.74,10.75,10.6,10.62,32113.0
2016-11-01,10.96,10.96,10.65,10.77,46402.0
2016-10-31,11.09,11.15,10.84,10.9,39582.0
2016-10-28,11.1,11.15,11.02,11.1,49419.0
2016-10-27,11.13,11.13,11.01,11.1,29223.0
2016-10-26,11.12,11.22,11.07,11.19,41443.0
2016-10-25,11.19,11.19,11.08,11.13,69762.0
2016-10-24,11.22,11.22,11.07,11.2,79630.0
2016-10-21,11.2,11.23,11.2,11.2,17655.0
2016-10-20,11.12,11.26,11.07,11.2,48374.0
2016-10-19,11.03,11.13,11.03,11.13,27342.0
2016-10-18,11.05,11.15,10.99,11.08,50907.0
2016-10-17,11.15,11.15,10.93,11.05,63301.0
2016-10-14,11.05,11.14,11.03,11.11,32087.0
2016-10-13,10.9,11.02,10.9,11.02,33670.0
2016-10-12,11.01,11.04,10.89,10.97,48328.0
2016-10-11,10.91,10.99,10.88,10.98,48285.0
2016-10-10,10.7,10.96,10.67,10.88,31395.0
2016-10-07,10.84,10.93,10.65,10.65,49449.0
2016-10-06,10.84,10.89,10.76,10.77,57197.0
2016-10-05,10.85,10.92,10.75,10.83,80435.0
2016-10-04,10.94,10.98,10.84,10.87,76454.0
2016-10-03,10.87,11.01,10.87,10.89,49769.0
2016-09-30,10.85,11.36,10.76,10.89,81552.0
2016-09-29,11.02,11.16,10.75,10.88,94843.0
2016-09-28,11.12,11.24,11.02,11.05,111469.0
2016-09-27,11.21,11.34,11.17,11.28,42417.0
2016-09-26,11.25,11.31,11.08,11.22,90148.0
2016-09-23,11.55,11.55,11.34,11.34,33804.0
2016-09-22,11.59,11.67,11.46,11.54,60250.0
2016-09-21,11.38,11.57,11.29,11.54,61250.0
2016-09-20,11.12,11.39,11.12,11.38,72878.0
2016-09-19,11.03,11.17,11.01,11.07,35271.0
2016-09-16,10.94,11.11,10.8,11.06,38683.0
2016-09-15,10.94,11.0,10.79,10.88,31579.0
2016-09-14,10.75,11.0,10.75,10.98,38605.0
2016-09-13,10.91,10.96,10.7,10.78,50813.0
2016-09-12,11.02,11.11,10.75,10.98,64764.0
2016-09-09,11.26,11.27,11.04,11.08,60705.0
2016-09-08,11.26,11.3,11.22,11.23,26917.0
2016-09-07,11.35,11.35,11.23,11.3,49400.0
2016-09-06,11.28,11.32,11.23,11.3,36501.0
2016-09-05,11.28,11.28,11.28,11.28,0.0
2016-09-02,11.29,11.32,11.22,11.28,55754.0
2016-09-01,11.33,11.35,11.22,11.33,50674.0
2016-08-31,11.29,11.35,11.22,11.35,40223.0
2016-08-30,11.28,11.35,11.23,11.28,56938.0
2016-08-29,11.22,11.3,11.14,11.27,38972.0
2016-08-26,11.31,11.35,11.22,11.24,81459.0
2016-08-25,11.17,11.32,11.15,11.3,48974.0
2016-08-24,11.2,11.35,11.14,11.21,113372.0
2016-08-23,11.19,11.3,11.12,11.15,99921.0
2016-08-22,11.11,11.19,11.05,11.1,57775.0
2016-08-19,11.22,11.22,11.0,11.04,164296.0
2016-08-18,11.1,11.24,11.02,11.18,36501.0
2016-08-17,11.12,11.14,10.95,10.99,56936.0
2016-08-16,11.09,11.15,10.98,10.98,49330.0
2016-08-15,11.03,11.13,10.97,11.04,42094.0
2016-08-12,10.93,11.02,10.83,10.99,105822.0
2016-08-11,10.9,11.16,10.81,10.99,199888.0
2016-08-10,11.22,11.25,11.08,11.09,31943.0
2016-08-09,11.19,11.31,11.15,11.15,81002.0
2016-08-08,11.15,11.35,11.07,11.15,91110.0
2016-08-05,11.14,11.14,10.92,11.05,40199.0
2016-08-04,11.02,11.06,10.89,11.06,35317.0
2016-08-03,10.86,11.03,10.8,11.02,24414.0
2016-08-02,10.94,10.99,10.86,10.9,21217.0
2016-08-01,11.0,11.0,10.85,10.9,43640.0
2016-07-29,10.94,11.01,10.9,11.01,46337.0
2016-07-28,11.03,11.1,10.9,10.98,33370.0
2016-07-27,11.08,11.25,10.98,11.0,51997.0
2016-07-26,11.15,11.38,11.14,11.15,126457.0
2016-07-25,11.19,11.21,11.1,11.17,72468.0
2016-07-22,11.05,11.18,11.02,11.15,25518.0
2016-07-21,11.12,11.19,11.02,11.05,32086.0
2016-07-20,11.03,11.1,11.02,11.06,33807.0
2016-07-19,11.0,11.1,10.99,11.03,46708.0
2016-07-18,10.97,11.06,10.88,11.03,74537.0
2016-07-15,10.83,10.92,10.8,10.92,51791.0
2016-07-14,10.85,10.92,10.77,10.82,103402.0
2016-07-13,10.69,11.02,10.69,10.9,103874.0
2016-07-12,10.66,10.8,10.62,10.8,41110.0
2016-07-11,10.6,10.63,10.55,10.62,44639.0
2016-07-08,10.59,10.66,10.53,10.61,47555.0
2016-07-07,10.43,10.49,10.4,10.45,35553.0
2016-07-06,10.4,10.54,10.36,10.44,34899.0
2016-07-05,10.33,10.5,10.3,10.48,43561.0
2016-07-04,10.35,10.35,10.35,10.35,0.0
2016-07-01,10.3,10.39,10.28,10.35,46826.0
2016-06-30,10.29,10.29,10.11,10.24,25535.0
2016-06-29,10.06,10.22,10.01,10.22,32159.0
2016-06-28,10.15,10.18,9.99,10.0,46816.0
2016-06-27,10.14,10.25,10.1,10.18,37578.0
2016-06-24,10.11,10.32,10.11,10.23,31331.0
2016-06-23,10.29,10.34,10.21,10.27,19985.0
2016-06-22,10.32,10.38,10.22,10.22,26026.0
2016-06-21,10.27,10.32,10.24,10.32,22232.0
2016-06-20,10.0,10.31,10.0,10.26,74581.0
2016-06-17,9.9,9.96,9.82,9.96,34686.0
2016-06-16,9.94,9.94,9.82,9.89,41625.0
2016-06-15,9.96,9.97,9.81,9.85,60021.0
2016-06-14,9.91,9.92,9.83,9.87,65849.0
2016-06-13,9.9,9.97,9.79,9.91,42457.0
2016-06-10,9.84,9.99,9.77,9.95,42976.0
2016-06-09,9.82,9.92,9.75,9.84,54400.0
2016-06-08,9.88,9.95,9.75,9.85,34456.0
2016-06-07,9.82,9.98,9.7,9.88,46062.0
2016-06-06,9.85,9.87,9.62,9.82,90010.0
2016-06-03,9.9,9.97,9.68,9.84,83623.0
2016-06-02,9.95,10.06,9.9,9.93,47928.0
2016-06-01,10.0,10.09,9.95,9.98,27040.0
2016-05-31,10.06,10.14,10.0,10.0,29340.0
2016-05-30,10.05,10.05,10.05,10.05,0.0
2016-05-27,10.07,10.12,10.02,10.05,16797.0
2016-05-26,10.05,10.18,10.05,10.09,33563.0
2016-05-25,10.15,10.28,10.11,10.25,44965.0
2016-05-24,10.16,10.35,10.16,10.16,36300.0
2016-05-23,10.21,10.3,10.12,10.16,22902.0
2016-05-20,10.0,10.2,9.92,10.18,51748.0
2016-05-19,10.59,10.59,9.93,9.96,130004.0
2016-05-18,10.62,10.73,10.5,10.52,25048.0
2016-05-17,10.52,10.7,10.52,10.59,29117.0
2016-05-16,10.26,10.5,10.25,10.46,33931.0
2016-05-13,10.25,10.26,10.03,10.16,22299.0
2016-05-12,10.56,10.57,9.95,10.0,155725.0
2016-05-11,10.16,10.85,10.16,10.47,68671.0
2016-05-10,10.03,10.2,9.97,10.1,37464.0
2016-05-09,9.98,10.07,9.95,9.97,37633.0
2016-05-06,9.9,10.16,9.78,10.02,71144.0
2016-05-05,9.92,10.11,9.9,9.91,38880.0
2016-05-04,9.82,9.99,9.82,9.95,61341.0
2016-05-03,10.05,10.15,9.85,9.91,56427.0
2016-05-02,10.3,10.37,10.1,10.15,26235.0
2016-04-29,10.5,10.5,10.3,10.32,27457.0
2016-04-28,10.29,10.5,10.29,10.48,33994.0
2016-04-27,10.31,10.42,10.3,10.36,21229.0
2016-04-26,10.4,10.53,10.35,10.45,46985.0
2016-04-25,10.32,10.38,10.32,10.36,26630.0
2016-04-22,10.16,10.38,10.16,10.31,27132.0
2016-04-21,10.19,10.24,10.16,10.22,39927.0
2016-04-20,10.07,10.24,10.07,10.16,47247.0
2016-04-19,10.08,10.24,10.06,10.08,21389.0
2016-04-18,10.1,10.19,10.0,10.0,24441.0
2016-04-15,10.16,10.28,10.0,10.03,45742.0
2016-04-14,10.24,10.35,10.2,10.2,20343.0
2016-04-13,10.3,10.35,10.22,10.28,23396.0
2016-04-12,10.31,10.35,10.21,10.27,39672.0
2016-04-11,10.31,10.33,10.21,10.25,29674.0
2016-04-08,10.14,10.31,10.14,10.3,30589.0
2016-04-07,10.14,10.23,10.11,10.14,18232.0
2016-04-06,10.12,10.2,10.1,10.14,17490.0
2016-04-05,10.16,10.23,10.1,10.12,25869.0
2016-04-04,10.16,10.25,10.16,10.17,11621.0
2016-04-01,10.09,10.24,9.99,10.2,30563.0
2016-03-31,9.95,10.22,9.91,10.22,41580.0
2016-03-30,10.08,10.16,9.87,10.0,38999.0
2016-03-29,9.82,10.05,9.8,10.02,30002.0
2016-03-28,10.04,10.2,10.03,10.14,39041.0
2016-03-25,9.99,9.99,9.99,9.99,0.0
2016-03-24,10.03,10.06,9.98,9.99,14399.0
2016-03-23,10.02,10.13,10.0,10.06,18452.0
2016-03-22,9.98,10.08,9.98,10.03,20854.0
2016-03-21,10.0,10.07,9.8,10.01,32692.0
2016-03-18,9.85,10.03,9.85,9.99,46814.0
2016-03-17,9.55,9.9,9.55,9.82,35259.0
2016-03-16,9.63,9.75,9.35,9.61,90154.0
2016-03-15,9.59,9.59,9.42,9.55,39038.0
2016-03-14,9.62,9.74,9.47,9.47,23337.0
2016-03-11,9.55,9.74,9.52,9.68,34625.0
2016-03-10,9.4,9.55,9.4,9.49,15354.0
2016-03-09,9.4,9.58,9.39,9.49,13875.0
2016-03-08,9.46,9.58,9.35,9.38,20528.0
2016-03-07,9.34,9.58,9.34,9.54,30239.0
2016-03-04,8.5,9.4,8.5,9.34,65054.0
2016-03-03,8.37,8.59,8.37,8.45,31287.0
2016-03-02,8.54,8.55,8.35,8.38,16291.0
2016-03-01,8.55,8.65,8.46,8.55,27216.0
2016-02-29,7.91,8.55,7.91,8.55,40548.0
2016-02-26,7.76,8.04,7.76,8.0,22201.0
2016-02-25,7.65,7.93,7.63,7.85,30626.0
2016-02-24,7.8,7.91,7.8,7.88,34197.0
2016-02-23,7.85,7.89,7.8,7.85,31961.0
2016-02-22,8.08,8.2,7.8,7.85,91001.0
2016-02-19,8.2,8.23,8.0,8.04,28745.0
2016-02-18,8.43,8.52,8.18,8.22,22087.0
2016-02-17,8.49,8.58,8.21,8.36,38014.0
2016-02-16,8.0,8.36,7.94,8.13,64007.0
2016-02-15,7.9,7.9,7.9,7.9,0.0
2016-02-12,8.06,8.06,7.6,7.9,50092.0
2016-02-11,7.85,8.01,7.15,7.99,102380.0
2016-02-10,8.18,8.28,8.03,8.03,25511.0
2016-02-09,8.31,8.55,8.17,8.18,52045.0
2016-02-08,8.57,8.8,8.35,8.49,65576.0
2016-02-05,8.65,9.08,8.52,8.58,95188.0
2016-02-04,8.74,9.02,8.54,8.59,91159.0
2016-02-03,8.52,8.64,8.46,8.61,8954.0
2016-02-02,8.62,8.71,8.41,8.54,22908.0
2016-02-01,8.79,8.9,8.55,8.61,88444.0
2016-01-29,9.1,9.47,8.94,8.94,29687.0
2016-01-28,9.36,9.48,9.1,9.1,16777.0
2016-01-27,9.5,9.59,9.35,9.35,15242.0
2016-01-26,9.47,9.62,9.35,9.58,14744.0
2016-01-25,9.62,9.62,9.4,9.44,19315.0
2016-01-22,9.35,9.62,9.3,9.62,30095.0
2016-01-21,8.7,9.38,8.7,9.22,42304.0
2016-01-20,9.06,9.31,8.59,8.7,77512.0
2016-01-19,8.85,8.92,8.73,8.8,39553.0
2016-01-18,8.57,8.57,8.57,8.57,0.0
2016-01-15,8.85,9.1,8.15,8.57,67017.0
2016-01-14,8.94,9.06,8.76,8.98,41500.0
2016-01-13,9.03,9.1,8.9,8.95,57582.0
2016-01-12,9.45,9.54,8.41,9.03,101247.0
2016-01-11,9.61,9.68,9.4,9.4,36448.0
2016-01-08,9.54,9.7,9.54,9.6,21727.0
2016-01-07,9.71,9.81,9.57,9.58,23152.0
2016-01-06,9.88,10.0,9.7,9.81,34011.0
2016-01-05,9.72,9.89,9.72,9.88,14084.0
2016-01-04,9.43,9.81,9.43,9.78,29439.0
2016-01-01,9.64,9.64,9.64,9.64,0.0
2015-12-31,9.56,9.72,9.5,9.64,74417.0
2015-12-30,9.67,9.72,9.49,9.53,104877.0
2015-12-29,9.93,10.02,9.76,9.79,47542.0
2015-12-28,10.09,10.22,10.03,10.05,52991.0
2015-12-25,10.15,10.15,10.15,10.15,0.0
2015-12-24,10.15,10.23,10.1,10.15,28647.0
2015-12-23,10.0,10.15,9.94,10.14,54416.0
2015-12-22,9.86,10.02,9.86,9.98,35357.0
2015-12-21,9.94,9.99,9.71,9.91,45133.0
2015-12-18,9.75,9.95,9.61,9.9,37884.0
2015-12-17,9.91,9.96,9.77,9.78,23543.0
2015-12-16,9.84,10.23,9.8,10.02,59228.0
2015-12-15,9.93,10.01,9.71,9.75,41904.0
2015-12-14,10.0,10.08,9.81,9.87,53795.0
2015-12-11,10.2,10.23,9.98,10.0,35493.0
2015-12-10,10.15,10.29,10.1,10.2,37702.0
2015-12-09,10.18,10.25,10.05,10.11,44658.0
2015-12-08,10.25,10.38,9.97,10.25,50425.0
2015-12-07,10.36,10.43,10.33,10.37,50599.0
2015-12-04,10.5,10.6,10.4,10.41,20540.0
2015-12-03,10.56,10.74,10.45,10.5,58437.0
2015-12-02,10.42,10.6,10.42,10.6,42853.0
2015-12-01,10.6,10.65,10.43,10.56,53951.0
2015-11-30,10.36,10.62,10.36,10.59,49723.0
2015-11-27,10.4,10.54,10.36,10.46,14943.0
2015-11-26,10.46,10.46,10.46,10.46,0.0
2015-11-25,10.47,10.53,10.33,10.46,30097.0
2015-11-24,10.45,10.59,10.41,10.43,32299.0
2015-11-23,10.39,10.56,10.39,10.46,54696.0
2015-11-20,10.17,10.41,10.1,10.32,63850.0
2015-11-19,10.15,10.27,10.07,10.27,45128.0
2015-11-18,10.15,10.2,10.05,10.13,69866.0
2015-11-17,10.15,10.34,10.07,10.16,46745.0
2015-11-16,10.23,10.38,10.04,10.15,99976.0
2015-11-13,10.25,10.25,10.12,10.2,35276.0
2015-11-12,10.12,10.27,10.02,10.17,36613.0
2015-11-11,10.25,10.25,10.08,10.16,49128.0
2015-11-10,10.16,10.4,10.14,10.25,46124.0
2015-11-09,10.22,10.3,10.1,10.24,40228.0
2015-11-06,9.85,10.35,9.85,10.23,82528.0
2015-11-05,10.15,10.24,9.96,9.99,67363.0
2015-11-04,10.33,10.42,10.1,10.12,41564.0
2015-11-03,10.26,10.45,10.26,10.37,32417.0
2015-11-02,10.26,10.38,10.14,10.38,41740.0
2015-10-30,10.38,10.43,9.98,10.26,79879.0
2015-10-29,10.41,10.59,10.38,10.39,44507.0
2015-10-28,10.44,10.7,10.39,10.5,43869.0
2015-10-27,10.86,10.86,10.59,10.6,53150.0
2015-10-26,10.87,10.96,10.76,10.78,29275.0
2015-10-23,10.92,11.01,10.86,10.87,23794.0
2015-10-22,10.81,10.91,10.75,10.89,49209.0
2015-10-21,10.89,10.93,10.74,10.77,20344.0
2015-10-20,10.57,10.96,10.55,10.93,47572.0
2015-10-19,10.6,10.71,10.5,10.58,19866.0
2015-10-16,10.58,10.6,10.31,10.57,51143.0
2015-10-15,10.54,10.58,10.21,10.41,32270.0
2015-10-14,10.63,10.79,10.34,10.41,152344.0
2015-10-13,10.56,10.77,10.56,10.63,20937.0
2015-10-12,10.44,10.79,10.44,10.7,21784.0
2015-10-09,10.55,10.64,10.44,10.49,50413.0
2015-10-08,10.34,10.64,10.34,10.63,20991.0
2015-10-07,10.38,10.45,10.24,10.42,24497.0
2015-10-06,10.24,10.41,10.19,10.3,27941.0
2015-10-05,10.12,10.28,10.02,10.27,33662.0
2015-10-02,9.84,10.32,9.84,10.0,98396.0
2015-10-01,10.01,10.15,9.95,10.11,49697.0
2015-09-30,10.09,10.49,9.9,10.07,110673.0
2015-09-29,10.34,10.55,9.78,10.08,187509.0
2015-09-28,10.58,10.71,10.26,10.36,38891.0
2015-09-25,10.83,10.88,10.74,10.75,43060.0
2015-09-24,10.71,10.8,10.65,10.67,31283.0
2015-09-23,10.64,10.95,10.64,10.79,52568.0
2015-09-22,10.69,10.78,10.62,10.7,44533.0
2015-09-21,10.63,10.76,10.63,10.65,29515.0
2015-09-18,10.56,10.9,10.56,10.64,207104.0
2015-09-17,10.59,10.67,10.52,10.64,39105.0
2015-09-16,10.64,10.75,10.29,10.61,57558.0
2015-09-15,10.62,10.62,10.48,10.54,21458.0
2015-09-14,10.67,10.76,10.48,10.49,48178.0
2015-09-11,10.52,10.65,10.48,10.63,49263.0
2015-09-10,10.61,10.65,10.5,10.6,41872.0
2015-09-09,10.85,11.04,10.53,10.6,80882.0
2015-09-08,10.96,11.08,10.87,10.88,31366.0
2015-09-07,10.88,10.88,10.88,10.88,0.0
2015-09-04,11.01,11.08,10.84,10.88,30689.0
2015-09-03,11.07,11.29,11.02,11.05,30645.0
2015-09-02,11.47,11.47,10.95,11.02,49269.0
2015-09-01,11.22,11.54,11.17,11.41,84233.0
2015-08-31,11.12,11.4,10.98,11.34,35653.0
2015-08-28,11.09,11.27,10.9,11.14,27394.0
2015-08-27,11.0,11.17,10.85,11.11,85505.0
2015-08-26,10.83,11.0,10.75,10.96,80462.0
2015-08-25,10.71,11.04,10.69,10.91,50761.0
2015-08-24,10.13,10.73,9.6,10.62,112384.0
2015-08-21,10.77,10.96,10.71,10.86,56455.0
2015-08-20,10.37,11.0,10.3,10.88,82421.0
2015-08-19,10.22,10.5,10.11,10.44,107863.0
2015-08-18,10.32,10.36,10.22,10.31,71957.0
2015-08-17,10.35,10.49,10.31,10.32,74133.0
2015-08-14,10.18,10.37,10.18,10.3,43965.0
2015-08-13,10.13,10.2,10.09,10.16,53227.0
2015-08-12,10.1,10.2,10.0,10.18,93408.0
2015-08-11,10.03,10.13,9.95,10.12,77622.0
2015-08-10,10.02,10.11,9.92,10.07,83661.0
2015-08-07,9.8,10.06,9.79,9.95,62806.0
2015-08-06,9.92,10.0,9.64,9.87,143682.0
2015-08-05,10.08,10.13,9.91,10.02,43522.0
2015-08-04,9.95,10.07,9.9,10.04,63677.0
2015-08-03,10.18,10.18,9.92,10.14,80970.0
2015-07-31,10.29,10.29,9.99,10.21,92434.0
2015-07-30,10.58,10.61,10.13,10.29,67694.0
2015-07-29,10.3,10.8,10.25,10.6,49472.0
2015-07-28,10.05,10.49,10.01,10.42,69489.0
2015-07-27,10.63,10.64,9.93,10.25,251354.0
2015-07-24,10.98,11.03,10.64,10.72,57460.0
2015-07-23,10.74,10.96,10.74,10.93,54643.0
2015-07-22,10.82,10.92,10.67,10.76,46867.0
2015-07-21,11.08,11.13,10.82,10.9,63050.0
2015-07-20,11.59,11.59,11.08,11.1,89591.0
2015-07-17,11.77,11.79,11.53,11.55,37403.0
2015-07-16,11.78,11.81,11.65,11.73,62172.0
2015-07-15,11.89,11.89,11.54,11.77,32022.0
2015-07-14,11.75,11.81,11.62,11.76,33064.0
2015-07-13,11.81,11.85,11.64,11.78,39153.0
2015-07-10,11.66,11.93,11.56,11.84,38108.0
2015-07-09,11.65,11.67,11.61,11.63,18594.0
2015-07-08,11.61,11.69,11.52,11.63,31341.0
2015-07-07,11.46,11.63,11.41,11.57,61244.0
2015-07-06,11.19,11.48,11.19,11.44,65522.0
2015-07-03,11.25,11.25,11.25,11.25,0.0
2015-07-02,11.27,11.31,11.21,11.25,49650.0
2015-07-01,11.49,11.52,11.08,11.22,113770.0
2015-06-30,11.43,11.55,11.4,11.4,86804.0
2015-06-29,11.83,11.85,11.28,11.36,108571.0
2015-06-26,12.05,12.19,11.73,11.84,82772.0
2015-06-25,11.99,12.11,11.9,11.97,74870.0
2015-06-24,11.93,12.05,11.81,11.88,44694.0
2015-06-23,11.87,12.04,11.87,11.95,35602.0
2015-06-22,11.97,11.98,11.76,11.81,26795.0
2015-06-19,11.95,12.01,11.9,11.9,23404.0
2015-06-18,12.12,12.16,11.9,12.0,22022.0
2015-06-17,11.94,12.12,11.89,12.0,39344.0
2015-06-16,12.04,12.09,11.84,11.91,37120.0
2015-06-15,12.04,12.05,11.87,12.01,24822.0
2015-06-12,11.96,11.97,11.79,11.96,35549.0
2015-06-11,12.0,12.0,11.88,11.92,39597.0
2015-06-10,12.18,12.22,11.91,11.96,45943.0
2015-06-09,12.02,12.06,11.93,12.05,42179.0
2015-06-08,12.1,12.4,11.94,12.02,92720.0
2015-06-05,12.14,12.14,11.98,12.07,29169.0
2015-06-04,12.22,12.22,12.0,12.06,27206.0
2015-06-03,12.2,12.23,12.14,12.23,25968.0
2015-06-02,12.15,12.22,12.05,12.17,29535.0
2015-06-01,12.17,12.26,12.05,12.1,55569.0
2015-05-29,12.09,12.27,12.09,12.14,25768.0
2015-05-28,12.26,12.26,12.1,12.16,28778.0
2015-05-27,12.2,12.3,12.0,12.26,66221.0
2015-05-26,12.32,12.4,12.32,12.35,22627.0
2015-05-25,12.37,12.37,12.37,12.37,0.0
2015-05-22,12.28,12.4,12.26,12.37,18770.0
2015-05-21,12.34,12.4,12.29,12.35,24944.0
2015-05-20,12.39,12.39,12.25,12.32,24953.0
2015-05-19,12.34,12.36,12.26,12.32,27412.0
2015-05-18,12.34,12.4,12.21,12.27,29207.0
2015-05-15,12.2,12.25,12.17,12.24,17479.0
2015-05-14,12.1,12.19,12.08,12.15,20845.0
2015-05-13,12.23,12.28,12.09,12.09,15855.0
2015-05-12,12.1,12.2,12.02,12.2,21738.0
2015-05-11,12.09,12.14,12.0,12.02,26470.0
2015-05-08,12.25,12.25,12.0,12.09,35235.0
2015-05-07,12.18,12.32,12.15,12.28,15392.0
2015-05-06,12.47,12.47,12.09,12.2,29586.0
2015-05-05,12.5,12.53,12.3,12.44,26360.0
2015-05-04,12.49,12.55,12.46,12.55,34807.0
2015-05-01,12.39,12.52,12.39,12.49,22374.0
2015-04-30,12.16,12.51,12.16,12.51,28328.0
2015-04-29,12.08,12.26,12.08,12.16,43043.0
2015-04-28,12.25,12.33,12.18,12.25,29292.0
2015-04-27,12.53,12.63,12.31,12.31,30492.0
2015-04-24,12.61,12.65,12.55,12.58,20212.0
2015-04-23,12.56,12.58,12.51,12.58,17996.0
2015-04-22,12.47,12.55,12.42,12.55,21041.0
2015-04-21,12.47,12.5,12.4,12.45,19252.0
2015-04-20,12.38,12.49,12.33,12.42,45864.0
2015-04-17,12.35,12.39,12.27,12.34,31073.0
2015-04-16,12.23,12.4,12.16,12.4,25252.0
2015-04-15,12.36,12.36,12.11,12.17,21535.0
2015-04-14,12.22,12.36,12.15,12.3,27271.0
2015-04-13,12.3,12.35,12.19,12.26,18622.0
2015-04-10,12.23,12.31,12.18,12.3,52406.0
2015-04-09,12.04,12.16,12.04,12.16,23069.0
2015-04-08,12.12,12.14,12.0,12.09,45986.0
2015-04-07,12.18,12.23,12.1,12.17,22273.0
2015-04-06,12.12,12.26,12.12,12.25,26300.0
2015-04-03,12.25,12.25,12.25,12.25,0.0
2015-04-02,12.12,12.26,12.04,12.25,21520.0
2015-04-01,11.92,12.09,11.92,12.09,34963.0
2015-03-31,11.95,12.11,11.95,12.07,40342.0
2015-03-30,12.12,12.12,11.89,12.01,36537.0
2015-03-27,12.02,12.09,11.94,12.05,20868.0
2015-03-26,12.25,12.25,12.1,12.16,49747.0
2015-03-25,12.28,12.28,12.2,12.25,26396.0
2015-03-24,12.29,12.31,12.21,12.26,29699.0
2015-03-23,12.45,12.45,12.31,12.35,26476.0
2015-03-20,12.24,12.44,12.21,12.44,34399.0
2015-03-19,12.12,12.27,12.11,12.24,18210.0
2015-03-18,12.14,12.25,12.12,12.23,35460.0
2015-03-17,12.2,12.29,12.14,12.2,23970.0
2015-03-16,12.2,12.29,12.19,12.2,27678.0
2015-03-13,12.25,12.29,12.18,12.22,23819.0
2015-03-12,12.25,12.45,12.13,12.17,35032.0
2015-03-11,12.51,12.54,12.22,12.27,40014.0
2015-03-10,12.65,12.7,12.35,12.4,41198.0
2015-03-09,12.55,12.62,12.49,12.62,30767.0
2015-03-06,12.45,12.5,12.36,12.5,30020.0
2015-03-05,12.39,12.49,12.39,12.41,25745.0
2015-03-04,12.28,12.46,12.26,12.44,17960.0
2015-03-03,12.18,12.37,12.15,12.37,20265.0
2015-03-02,12.23,12.29,12.1,12.27,32616.0
2015-02-27,12.34,12.37,11.95,12.19,105654.0
2015-02-26,12.68,12.68,12.25,12.3,45026.0
2015-02-25,12.39,12.72,12.39,12.64,39072.0
2015-02-24,12.54,12.72,12.54,12.68,28789.0
2015-02-23,12.38,12.56,12.38,12.54,30173.0
2015-02-20,12.4,12.7,12.32,12.5,27276.0
2015-02-19,12.3,12.49,12.25,12.44,32409.0
2015-02-18,12.18,12.24,12.11,12.23,32938.0
2015-02-17,12.32,12.33,12.16,12.2,35445.0
2015-02-16,12.33,12.33,12.33,12.33,0.0
2015-02-13,12.27,12.38,12.18,12.33,33513.0
2015-02-12,12.11,12.13,11.95,12.11,78188.0
2015-02-11,11.94,12.04,11.94,11.99,24705.0
2015-02-10,12.1,12.1,11.96,11.99,25829.0
2015-02-09,12.07,12.16,11.94,12.0,50134.0
2015-02-06,12.03,12.03,11.93,12.0,44988.0
2015-02-05,12.16,12.22,11.89,11.93,57878.0
2015-02-04,12.0,12.14,11.96,12.1,17043.0
2015-02-03,12.1,12.17,11.95,11.98,34521.0
2015-02-02,12.08,12.08,11.88,11.95,28002.0
2015-01-30,12.35,12.35,11.93,11.98,47652.0
2015-01-29,12.33,12.53,12.23,12.24,32645.0
2015-01-28,12.25,12.43,12.2,12.37,39258.0
2015-01-27,12.25,12.26,12.1,12.19,32129.0
2015-01-26,12.1,12.25,12.05,12.25,28865.0
2015-01-23,12.25,12.25,12.0,12.04,32201.0
2015-01-22,11.88,12.33,11.87,12.19,44325.0
2015-01-21,11.85,11.96,11.8,11.89,59653.0
2015-01-20,11.83,12.08,11.83,11.94,19727.0
2015-01-19,11.88,11.88,11.88,11.88,0.0
2015-01-16,12.06,12.14,11.86,11.88,31346.0
2015-01-15,12.15,12.3,11.89,11.91,22277.0
2015-01-14,12.19,12.2,11.92,12.03,46191.0
2015-01-13,12.47,12.62,12.13,12.24,20879.0
2015-01-12,12.26,12.26,12.08,12.22,17262.0
2015-01-09,12.3,12.31,12.07,12.21,29890.0
2015-01-08,12.71,12.72,12.06,12.27,51590.0
2015-01-07,12.33,12.49,12.33,12.46,27247.0
2015-01-06,12.24,12.28,12.14,12.2,22626.0
2015-01-05,11.84,12.23,11.82,12.12,46907.0
2015-01-02,11.82,11.91,11.79,11.8,33484.0
2015-01-01,11.78,11.78,11.78,11.78,0.0
2014-12-31,11.99,11.99,11.78,11.78,94505.0
2014-12-30,12.05,12.05,11.81,11.99,119307.0
2014-12-29,12.32,12.32,12.01,12.13,77403.0
2014-12-26,12.45,12.47,12.38,12.44,18935.0
2014-12-25,12.41,12.41,12.41,12.41,0.0
2014-12-24,12.39,12.52,12.34,12.41,27415.0
2014-12-23,12.49,12.55,12.32,12.39,45768.0
2014-12-22,12.76,12.84,12.33,12.52,45226.0
2014-12-19,12.65,12.75,12.58,12.68,32231.0
2014-12-18,12.29,12.7,12.16,12.65,52187.0
2014-12-17,11.95,12.3,11.9,12.08,54115.0
2014-12-16,12.5,12.5,11.95,12.01,72642.0
2014-12-15,12.27,13.25,12.17,12.33,79382.0
2014-12-12,12.17,12.44,12.17,12.27,55993.0
2014-12-11,12.52,12.64,12.16,12.27,51902.0
2014-12-10,12.68,12.81,12.38,12.44,54082.0
2014-12-09,12.5,13.06,12.47,12.82,60767.0
2014-12-08,13.09,13.22,12.5,12.54,68971.0
2014-12-05,13.02,13.33,12.83,13.03,65561.0
2014-12-04,13.2,13.26,12.96,12.96,40903.0
2014-12-03,13.42,13.42,13.15,13.16,63926.0
2014-12-02,13.57,13.57,13.31,13.31,27024.0
2014-12-01,13.71,13.71,13.35,13.49,19790.0
2014-11-28,13.65,13.75,13.58,13.7,12959.0
2014-11-27,13.65,13.65,13.65,13.65,0.0
2014-11-26,13.85,13.85,13.65,13.65,38882.0
2014-11-25,13.93,13.94,13.64,13.79,34682.0
2014-11-24,13.81,14.07,13.81,13.96,25218.0
2014-11-21,13.66,13.85,13.51,13.81,42285.0
2014-11-20,13.8,13.92,13.5,13.53,49864.0
2014-11-19,13.85,14.2,13.75,13.77,55758.0
2014-11-18,14.22,14.22,13.77,13.85,41297.0
2014-11-17,14.42,14.42,14.04,14.07,30678.0
2014-11-14,14.29,14.44,14.16,14.44,47959.0
2014-11-13,14.14,14.3,14.01,14.21,50267.0
2014-11-12,14.04,14.07,13.85,14.05,69153.0
2014-11-11,14.2,14.35,14.03,14.15,70196.0
2014-11-10,14.03,14.6,14.03,14.38,118158.0
2014-11-07,13.96,14.19,13.87,13.96,56342.0
2014-11-06,13.91,14.02,13.79,13.97,35420.0
2014-11-05,13.9,13.9,13.69,13.88,19520.0
2014-11-04,13.81,13.81,13.6,13.76,15443.0
2014-11-03,13.8,13.83,13.64,13.75,34035.0
2014-10-31,13.89,13.89,13.55,13.69,25465.0
2014-10-30,13.72,13.75,13.63,13.72,41337.0
2014-10-29,13.55,13.73,13.53,13.61,33382.0
2014-10-28,13.54,13.68,13.4,13.51,31813.0
2014-10-27,13.44,13.59,13.34,13.39,25833.0
2014-10-24,13.2,13.57,13.15,13.41,43923.0
2014-10-23,13.71,13.74,13.37,13.38,54951.0
2014-10-22,13.56,13.74,13.56,13.71,27006.0
2014-10-21,13.55,13.7,13.5,13.6,31033.0
2014-10-20,13.68,13.74,13.39,13.53,34077.0
2014-10-17,13.14,13.62,13.0,13.62,59022.0
2014-10-16,12.62,13.22,12.51,13.07,60427.0
2014-10-15,12.78,12.87,12.5,12.62,108612.0
2014-10-14,13.65,13.67,12.72,12.92,124253.0
2014-10-13,13.99,13.99,13.42,13.55,51750.0
2014-10-10,14.06,14.16,13.8,13.93,35221.0
2014-10-09,14.22,14.38,13.94,14.06,30154.0
2014-10-08,14.29,14.3,14.01,14.11,31049.0
2014-10-07,14.16,14.3,14.07,14.3,15641.0
2014-10-06,14.29,14.33,14.0,14.17,29439.0
2014-10-03,14.3,14.3,14.0,14.18,30814.0
2014-10-02,14.1,14.2,13.95,14.2,32386.0
2014-10-01,14.02,14.03,13.7,14.0,57119.0
2014-09-30,14.26,14.39,13.89,13.89,107467.0
2014-09-29,14.02,14.19,14.0,14.13,14633.0
2014-09-26,14.0,14.3,13.84,14.08,51553.0
2014-09-25,14.06,14.08,14.02,14.05,39613.0
2014-09-24,14.23,14.33,13.9,14.07,45405.0
2014-09-23,14.25,14.25,14.1,14.14,25163.0
2014-09-22,14.1,14.3,14.06,14.18,48725.0
2014-09-19,14.4,14.4,14.05,14.05,45783.0
2014-09-18,14.25,14.44,14.2,14.35,32383.0
2014-09-17,14.16,14.33,14.12,14.27,31116.0
2014-09-16,13.76,14.2,13.76,14.1,66176.0
2014-09-15,14.05,14.05,13.65,13.73,64266.0
2014-09-12,14.03,14.15,13.93,14.0,36984.0
2014-09-11,14.33,14.34,14.01,14.04,32902.0
2014-09-10,14.36,14.4,14.2,14.3,32308.0
2014-09-09,14.32,14.4,14.25,14.29,25183.0
2014-09-08,14.37,14.4,14.25,14.32,12517.0
2014-09-05,14.32,14.39,14.26,14.37,22195.0
2014-09-04,14.34,14.36,14.23,14.31,24361.0
2014-09-03,14.41,14.5,14.19,14.3,27367.0
2014-09-02,14.43,14.5,14.33,14.4,34625.0
2014-09-01,14.42,14.42,14.42,14.42,0.0
2014-08-29,14.4,14.43,14.3,14.42,81037.0
2014-08-28,14.32,14.4,14.27,14.38,38905.0
2014-08-27,14.4,14.4,14.18,14.26,67281.0
2014-08-26,14.39,14.45,14.28,14.4,64700.0
2014-08-25,14.37,14.56,14.29,14.36,29060.0
2014-08-22,14.5,14.58,14.33,14.34,20903.0
2014-08-21,14.4,14.57,14.35,14.45,26900.0
2014-08-20,14.3,14.58,14.25,14.35,27863.0
2014-08-19,14.41,14.5,14.18,14.25,36931.0
2014-08-18,14.39,14.47,14.31,14.41,31831.0
2014-08-15,14.23,14.32,14.15,14.2,21173.0
2014-08-14,14.13,14.22,14.07,14.18,16492.0
2014-08-13,14.17,14.19,14.08,14.11,25734.0
2014-08-12,14.06,14.16,14.06,14.16,16852.0
2014-08-11,14.21,14.21,14.0,14.05,49301.0
2014-08-08,14.1,14.25,14.0,14.2,17310.0
2014-08-07,14.15,14.23,13.9,14.04,24220.0
2014-08-06,13.98,14.2,13.91,14.1,24871.0
2014-08-05,13.92,13.99,13.85,13.97,44462.0
2014-08-04,14.11,14.19,13.9,13.92,42896.0
2014-08-01,14.12,14.16,13.92,14.1,43672.0
2014-07-31,14.45,14.52,14.07,14.07,47208.0
2014-07-30,14.4,14.6,14.38,14.42,32718.0
2014-07-29,14.29,14.47,14.29,14.42,45171.0
2014-07-28,14.6,14.6,14.39,14.4,56954.0
2014-07-25,14.55,14.6,14.48,14.54,19065.0
2014-07-24,14.51,14.6,14.42,14.49,43124.0
2014-07-23,14.5,14.59,14.45,14.55,26745.0
2014-07-22,14.51,14.51,14.4,14.42,43283.0
2014-07-21,14.38,14.47,14.35,14.41,32703.0
2014-07-18,14.2,14.42,14.2,14.38,31461.0
2014-07-17,14.34,14.51,14.15,14.17,66776.0
2014-07-16,14.56,14.62,14.35,14.36,39964.0
2014-07-15,14.57,14.62,14.46,14.56,35265.0
2014-07-14,14.5,14.58,14.5,14.52,19729.0
2014-07-11,14.55,14.66,14.46,14.48,42206.0
2014-07-10,14.49,14.53,14.21,14.48,51192.0
2014-07-09,14.37,14.54,14.35,14.47,29234.0
2014-07-08,14.59,14.59,14.25,14.35,56166.0
2014-07-07,14.64,14.71,14.5,14.55,74537.0
2014-07-04,14.61,14.61,14.61,14.61,0.0
2014-07-03,14.73,14.78,14.6,14.61,34385.0
2014-07-02,14.75,14.8,14.65,14.68,85569.0
2014-07-01,14.69,14.78,14.62,14.75,87332.0
2014-06-30,14.7,14.75,14.56,14.69,103552.0
2014-06-27,14.54,14.8,14.45,14.71,980857.0
2014-06-26,14.53,14.63,14.43,14.53,70133.0
2014-06-25,14.48,14.54,14.42,14.48,49187.0
2014-06-24,14.45,14.49,14.39,14.48,53909.0
2014-06-23,14.44,14.49,14.34,14.44,169801.0
2014-06-20,14.45,14.48,14.33,14.4,95028.0
2014-06-19,14.47,14.5,14.32,14.45,36374.0
2014-06-18,14.45,14.5,14.31,14.44,33226.0
2014-06-17,14.33,14.5,14.33,14.43,97780.0
2014-06-16,14.34,14.52,14.24,14.3,77188.0
2014-06-13,14.38,14.38,14.21,14.31,41551.0
2014-06-12,13.97,14.37,13.88,14.36,62505.0
2014-06-11,14.2,14.3,13.97,14.02,58282.0
2014-06-10,14.2,14.3,14.11,14.17,47947.0
2014-06-09,13.96,14.2,13.86,14.15,61962.0
2014-06-06,14.11,14.11,13.8,13.92,112438.0
2014-06-05,13.83,14.11,13.77,14.06,67356.0
2014-06-04,13.79,13.99,13.7,13.88,69849.0
2014-06-03,14.0,14.03,13.63,13.96,80773.0
2014-06-02,14.25,14.28,13.86,13.92,63385.0
2014-05-30,14.02,14.09,13.8,14.08,92957.0
2014-05-29,14.24,14.35,13.93,13.97,60704.0
2014-05-28,13.82,14.19,13.76,14.11,35691.0
2014-05-27,13.88,14.06,13.86,13.95,50847.0
2014-05-26,13.84,13.84,13.84,13.84,0.0
2014-05-23,13.77,13.87,13.72,13.84,55201.0
2014-05-22,13.63,13.84,13.58,13.79,52946.0
2014-05-21,13.36,13.79,13.36,13.65,71883.0
2014-05-20,13.52,13.65,13.32,13.34,84608.0
2014-05-19,13.19,13.59,13.19,13.53,60735.0
2014-05-16,13.15,13.24,13.07,13.18,50118.0
2014-05-15,13.21,13.36,13.11,13.17,60477.0
2014-05-14,13.31,13.54,13.21,13.25,70107.0
2014-05-13,13.44,13.49,13.29,13.33,89561.0
2014-05-12,13.28,13.5,13.14,13.44,51091.0
2014-05-09,13.23,13.35,13.04,13.27,105342.0
2014-05-08,13.44,13.51,13.28,13.35,70918.0
2014-05-07,13.54,13.59,13.3,13.36,108586.0
2014-05-06,13.6,13.7,13.53,13.53,56587.0
2014-05-05,13.65,13.69,13.55,13.61,47209.0
2014-05-02,13.6,13.91,13.56,13.7,98228.0
2014-05-01,13.45,13.66,13.35,13.6,89568.0
2014-04-30,13.3,13.49,13.2,13.45,100382.0
2014-04-29,13.47,13.57,13.28,13.3,51868.0
2014-04-28,13.62,13.62,13.38,13.46,72549.0
2014-04-25,13.63,13.75,13.61,13.69,41845.0
2014-04-24,13.69,13.76,13.57,13.64,127239.0
2014-04-23,13.83,13.83,13.57,13.66,80583.0
2014-04-22,13.87,13.93,13.75,13.84,117403.0
2014-04-21,13.98,13.98,13.8,13.87,40143.0
2014-04-18,13.97,13.97,13.97,13.97,0.0
2014-04-17,13.65,14.1,13.6,13.97,58636.0
2014-04-16,13.66,13.73,13.5,13.67,69922.0
2014-04-15,13.8,13.98,13.56,13.65,104229.0
2014-04-14,13.78,13.85,13.7,13.8,103491.0
2014-04-11,13.95,14.03,13.65,13.73,89578.0
2014-04-10,14.35,14.41,13.96,13.99,75970.0
2014-04-09,14.3,14.38,14.25,14.35,41987.0
2014-04-08,14.19,14.34,14.16,14.3,52014.0
2014-04-07,14.24,14.34,14.18,14.2,85638.0
2014-04-04,14.55,14.56,14.25,14.25,76154.0
2014-04-03,14.36,14.49,14.23,14.46,69351.0
2014-04-02,14.62,14.62,14.32,14.38,64795.0
2014-04-01,14.45,14.68,14.45,14.61,95890.0
2014-03-31,14.76,14.76,14.37,14.38,76901.0
2014-03-28,14.72,14.85,14.68,14.72,34560.0
2014-03-27,14.68,14.81,14.6,14.78,52561.0
2014-03-26,15.03,15.03,14.77,14.78,100840.0
2014-03-25,14.92,15.01,14.91,14.99,64939.0
2014-03-24,14.9,15.02,14.8,14.96,209023.0
2014-03-21,14.7,15.06,14.56,15.06,248622.0
2014-03-20,14.42,14.67,14.36,14.64,56181.0
2014-03-19,14.62,14.62,14.38,14.43,90188.0
2014-03-18,14.5,14.68,14.5,14.57,63256.0
2014-03-17,14.74,14.87,14.56,14.57,89081.0
2014-03-14,14.62,14.69,14.52,14.62,37385.0
2014-03-13,14.72,14.72,14.4,14.57,79294.0
2014-03-12,14.68,14.85,14.55,14.6,84690.0
2014-03-11,14.38,14.59,14.35,14.45,88057.0
2014-03-10,14.25,14.34,14.2,14.31,60282.0
2014-03-07,14.35,14.38,14.15,14.3,69186.0
2014-03-06,14.49,14.49,14.22,14.28,66314.0
2014-03-05,14.45,14.52,14.33,14.4,73934.0
2014-03-04,14.6,14.65,14.4,14.47,118343.0
2014-03-03,14.6,14.7,14.55,14.6,39828.0
2014-02-28,14.55,14.7,14.42,14.66,35364.0
2014-02-27,14.3,14.59,14.28,14.56,49568.0
2014-02-26,14.5,14.59,14.31,14.38,65239.0
2014-02-25,15.0,15.0,14.43,14.56,108322.0
2014-02-24,14.99,15.12,14.91,15.04,52893.0
2014-02-21,14.96,14.96,14.86,14.94,44823.0
2014-02-20,14.79,14.9,14.64,14.88,51445.0
2014-02-19,14.74,14.8,14.64,14.73,33378.0
2014-02-18,14.61,14.74,14.52,14.74,34774.0
2014-02-17,14.53,14.53,14.53,14.53,0.0
2014-02-14,14.58,14.59,14.5,14.53,22083.0
2014-02-13,14.4,14.59,14.4,14.52,25707.0
2014-02-12,14.35,14.48,14.32,14.44,18279.0
2014-02-11,14.33,14.55,14.32,14.39,46220.0
2014-02-10,14.35,14.38,14.17,14.31,29336.0
2014-02-07,14.43,14.5,14.26,14.36,36314.0
2014-02-06,14.17,14.72,14.11,14.42,68685.0
2014-02-05,14.32,14.36,13.68,14.17,93237.0
2014-02-04,14.71,14.79,14.33,14.36,48756.0
2014-02-03,14.72,14.9,14.51,14.6,37301.0
2014-01-31,14.6,14.85,14.6,14.79,28909.0
2014-01-30,14.58,14.88,14.58,14.79,39079.0
2014-01-29,14.69,14.7,14.47,14.51,32171.0
2014-01-28,14.67,14.9,14.58,14.85,66720.0
2014-01-27,14.95,14.95,14.61,14.71,19083.0
2014-01-24,14.97,15.0,14.75,14.81,26214.0
2014-01-23,14.95,15.0,14.86,14.99,37907.0
2014-01-22,14.79,15.0,14.64,14.93,26408.0
2014-01-21,14.59,14.79,14.56,14.79,37651.0
2014-01-20,14.56,14.56,14.56,14.56,0.0
2014-01-17,14.63,14.73,14.56,14.56,30993.0
2014-01-16,14.7,14.75,14.62,14.68,17997.0
2014-01-15,14.75,14.75,14.6,14.72,27822.0
2014-01-14,14.79,14.8,14.61,14.74,19956.0
2014-01-13,14.78,14.78,14.63,14.75,25384.0
2014-01-10,14.88,14.89,14.72,14.84,20924.0
2014-01-09,14.85,14.85,14.72,14.84,19081.0
2014-01-08,14.9,15.0,14.8,14.83,21605.0
2014-01-07,14.94,15.07,14.84,14.95,44196.0
2014-01-06,14.71,14.9,14.66,14.88,27483.0
2014-01-03,14.66,14.79,14.63,14.68,22300.0
2014-01-02,14.9,14.94,14.64,14.68,33844.0
2014-01-01,14.95,14.95,14.95,14.95,0.0
2013-12-31,14.8,15.09,14.75,14.95,60977.0
2013-12-30,14.73,14.85,14.61,14.82,36667.0
2013-12-27,14.75,14.77,14.6,14.69,11569.0
2013-12-26,14.66,14.71,14.5,14.69,18996.0
2013-12-25,14.69,14.69,14.69,14.69,0.0
2013-12-24,14.45,14.7,14.45,14.69,18347.0
2013-12-23,14.52,14.57,14.4,14.42,90124.0
2013-12-20,14.54,14.68,14.35,14.35,103418.0
2013-12-19,14.63,14.7,14.56,14.6,33932.0
2013-12-18,14.71,14.71,14.5,14.69,38717.0
2013-12-17,14.62,14.76,14.51,14.65,27403.0
2013-12-16,14.49,14.78,14.42,14.78,33564.0
2013-12-13,14.47,14.55,14.31,14.43,93203.0
2013-12-12,14.81,14.85,14.46,14.48,54683.0
2013-12-11,14.82,14.94,14.79,14.86,39919.0
2013-12-10,14.82,14.92,14.78,14.84,50508.0
2013-12-09,15.15,15.15,14.87,14.89,27757.0
2013-12-06,14.98,15.23,14.98,15.17,19552.0
2013-12-05,15.02,15.09,14.85,15.03,16044.0
2013-12-04,15.41,15.41,15.22,15.3,34098.0
2013-12-03,15.45,15.46,15.26,15.4,29244.0
2013-12-02,15.43,15.55,15.15,15.43,59067.0
2013-11-29,15.5,15.62,15.36,15.44,41799.0
2013-11-28,15.38,15.38,15.38,15.38,0.0
2013-11-27,15.19,15.42,15.19,15.38,22973.0
2013-11-26,15.18,15.22,15.14,15.17,24826.0
2013-11-25,15.1,15.24,15.05,15.13,34798.0
2013-11-22,14.97,15.15,14.96,15.13,40913.0
2013-11-21,14.88,14.99,14.88,14.97,25800.0
2013-11-20,14.9,14.95,14.8,14.84,22400.0
2013-11-19,14.85,14.98,14.76,14.88,24928.0
2013-11-18,14.94,14.97,14.87,14.92,17157.0
2013-11-15,14.8,14.95,14.8,14.93,15724.0
2013-11-14,14.87,14.87,14.62,14.83,40918.0
2013-11-13,14.6,14.86,14.6,14.84,29299.0
2013-11-12,14.9,14.9,14.72,14.8,15662.0
2013-11-11,14.84,14.99,14.8,14.93,19463.0
2013-11-08,14.79,14.93,14.75,14.88,18294.0
2013-11-07,14.85,14.99,14.82,14.82,25571.0
2013-11-06,14.89,14.9,14.81,14.84,13336.0
2013-11-05,14.82,15.0,14.7,14.85,20818.0
2013-11-04,14.8,14.9,14.75,14.82,21813.0
2013-11-01,14.85,14.91,14.68,14.77,38067.0
2013-10-31,14.87,15.1,14.81,14.84,53235.0
2013-10-30,14.99,14.99,14.86,14.9,19501.0
2013-10-29,15.0,15.0,14.94,14.94,25642.0
2013-10-28,14.94,15.0,14.81,15.0,20086.0
2013-10-25,14.97,14.98,14.76,14.98,25530.0
2013-10-24,14.86,15.0,14.76,14.94,21842.0
2013-10-23,14.75,14.89,14.71,14.79,34840.0
2013-10-22,14.67,14.79,14.51,14.77,44317.0
2013-10-21,14.66,14.75,14.6,14.61,20265.0
2013-10-18,14.87,14.92,14.56,14.66,39849.0
2013-10-17,14.56,14.8,14.56,14.74,16411.0
2013-10-16,14.48,14.64,14.36,14.6,25578.0
2013-10-15,14.49,14.5,14.34,14.43,20709.0
2013-10-14,14.48,14.5,14.42,14.48,31707.0
2013-10-11,14.52,14.55,14.28,14.5,30345.0
2013-10-10,14.65,14.65,14.47,14.5,40455.0
2013-10-09,14.75,14.86,14.43,14.52,49860.0
2013-10-08,14.73,14.83,14.69,14.7,32680.0
2013-10-07,14.79,14.9,14.71,14.73,31111.0
2013-10-04,14.7,14.85,14.7,14.82,15012.0
2013-10-03,14.75,14.78,14.6,14.73,40826.0
2013-10-02,14.97,15.01,14.77,14.8,36488.0
2013-10-01,14.96,15.03,14.9,15.01,25563.0
2013-09-30,14.85,15.02,14.82,14.98,26572.0
2013-09-27,14.97,14.97,14.9,14.94,16921.0
2013-09-26,14.89,14.99,14.86,14.95,37072.0
2013-09-25,14.87,14.99,14.81,14.88,34834.0
2013-09-24,14.92,15.14,14.88,14.9,30799.0
2013-09-23,14.83,15.02,14.82,15.01,20145.0
2013-09-20,14.96,14.99,14.84,14.84,54181.0
2013-09-19,15.07,15.1,14.85,14.89,25602.0
2013-09-18,15.07,15.1,14.88,15.1,21494.0
2013-09-17,14.99,15.07,14.87,15.07,24683.0
2013-09-16,14.95,14.99,14.85,14.98,36026.0
2013-09-13,15.03,15.18,14.76,14.88,73873.0
2013-09-12,14.97,15.1,14.8,14.91,33817.0
2013-09-11,14.95,15.05,14.95,14.97,37417.0
2013-09-10,15.08,15.2,14.96,15.01,32390.0
2013-09-09,14.9,15.1,14.84,15.07,19126.0
2013-09-06,15.05,15.15,14.8,14.83,22937.0
2013-09-05,14.88,15.0,14.85,14.98,24850.0
2013-09-04,14.9,15.0,14.74,14.85,31122.0
2013-09-03,14.95,15.1,14.81,14.97,32723.0
2013-09-02,15.06,15.06,15.06,15.06,0.0
2013-08-30,15.04,15.16,14.98,15.06,38883.0
2013-08-29,14.94,15.08,14.93,15.07,38384.0
2013-08-28,14.77,14.95,14.77,14.91,17029.0
2013-08-27,14.89,14.98,14.67,14.74,52968.0
2013-08-26,15.02,15.15,14.99,15.0,14853.0
2013-08-23,15.02,15.1,15.0,15.02,17224.0
2013-08-22,15.04,15.1,15.0,15.03,13913.0
2013-08-21,15.05,15.1,14.97,15.01,24320.0
2013-08-20,15.05,15.05,14.86,15.03,31470.0
2013-08-19,15.03,15.15,14.86,14.9,44885.0
2013-08-16,14.93,15.01,14.86,15.0,33379.0
2013-08-15,14.86,15.03,14.8,15.01,28469.0
2013-08-14,15.07,15.15,14.85,15.02,37696.0
2013-08-13,15.02,15.12,14.93,15.03,40642.0
2013-08-12,14.75,15.09,14.67,15.08,29891.0
2013-08-09,15.03,15.23,14.9,14.92,68064.0
2013-08-08,14.9,15.11,14.85,15.02,38886.0
2013-08-07,14.9,15.09,14.72,14.81,44408.0
2013-08-06,15.21,15.25,14.81,14.82,31800.0
2013-08-05,15.19,15.29,15.19,15.24,13958.0
2013-08-02,15.08,15.25,15.04,15.25,13412.0
2013-08-01,15.2,15.39,15.01,15.07,28764.0
2013-07-31,15.24,15.25,15.01,15.15,26033.0
2013-07-30,15.22,15.23,15.1,15.2,14123.0
2013-07-29,15.08,15.24,15.08,15.18,12564.0
2013-07-26,15.05,15.2,14.95,15.08,25836.0
2013-07-25,15.12,15.29,15.1,15.28,50469.0
2013-07-24,15.23,15.23,15.05,15.17,35163.0
2013-07-23,15.14,15.25,15.12,15.23,54743.0
2013-07-22,15.15,15.17,15.09,15.14,21927.0
2013-07-19,15.02,15.19,14.95,15.18,32478.0
2013-07-18,14.99,15.05,14.95,15.01,54776.0
2013-07-17,15.04,15.06,14.92,14.97,22697.0
2013-07-16,15.05,15.1,14.9,15.02,41915.0
2013-07-15,14.8,15.1,14.8,15.07,52335.0
2013-07-12,15.06,15.1,14.93,14.97,21052.0
2013-07-11,15.05,15.14,14.93,15.08,56988.0
2013-07-10,14.97,15.05,14.91,15.05,47262.0
2013-07-09,14.8,14.95,14.8,14.95,23320.0
2013-07-08,15.04,15.05,14.7,14.76,47844.0
2013-07-05,15.0,15.05,14.85,15.04,21531.0
2013-07-04,14.88,14.88,14.88,14.88,0.0
2013-07-03,14.88,14.95,14.8,14.88,12475.0
2013-07-02,15.0,15.07,14.81,14.89,73093.0
2013-07-01,15.01,15.08,14.8,15.08,27832.0
2013-06-28,15.05,15.1,14.77,15.05,390342.0
2013-06-27,14.78,14.95,14.71,14.8,47644.0
2013-06-26,15.05,15.05,14.6,14.8,46024.0
2013-06-25,14.95,15.05,14.65,15.05,35089.0
2013-06-24,14.57,14.8,14.16,14.72,54117.0
2013-06-21,14.75,15.01,14.62,14.62,118007.0
2013-06-20,14.92,15.0,14.65,14.93,60300.0
2013-06-19,14.97,15.0,14.9,14.94,70888.0
2013-06-18,15.22,15.35,15.11,15.31,98797.0
2013-06-17,15.1,15.23,15.08,15.16,53323.0
2013-06-14,14.97,15.07,14.96,15.02,16939.0
2013-06-13,14.83,15.0,14.83,14.96,14396.0
2013-06-12,15.12,15.12,14.75,14.85,37324.0
2013-06-11,15.15,15.17,15.01,15.09,30189.0
2013-06-10,15.12,15.23,15.03,15.17,25985.0
2013-06-07,15.15,15.15,15.02,15.09,34123.0
2013-06-06,15.15,15.19,15.06,15.12,26031.0
2013-06-05,15.2,15.25,15.02,15.07,29537.0
2013-06-04,15.13,15.2,15.06,15.2,30257.0
2013-06-03,15.08,15.15,15.01,15.15,55798.0
2013-05-31,15.15,15.17,15.0,15.05,44759.0
2013-05-30,15.08,15.19,15.08,15.19,23939.0
2013-05-29,15.07,15.13,14.9,15.09,38517.0
2013-05-28,15.09,15.19,15.02,15.1,36848.0
2013-05-27,15.05,15.05,15.05,15.05,0.0
2013-05-24,15.12,15.13,15.0,15.05,26733.0
2013-05-23,15.14,15.15,14.99,15.12,55459.0
2013-05-22,15.1,15.2,14.71,15.18,87257.0
2013-05-21,14.96,15.2,14.94,15.16,49662.0
2013-05-20,14.91,15.0,14.84,15.0,28545.0
2013-05-17,15.02,15.02,14.8,14.91,49536.0
2013-05-16,15.0,15.02,14.91,15.0,29439.0
2013-05-15,15.02,15.02,14.86,14.99,33250.0
2013-05-14,15.01,15.03,14.96,15.03,49850.0
2013-05-13,15.1,15.1,14.84,15.02,46145.0
2013-05-10,15.04,15.18,14.79,15.15,46002.0
2013-05-09,15.09,15.09,14.82,14.97,45395.0
2013-05-08,14.98,15.18,14.86,15.02,48108.0
2013-05-07,15.09,15.09,14.97,15.08,29321.0
2013-05-06,14.86,15.09,14.86,15.09,31586.0
2013-05-03,14.8,15.09,14.8,14.88,34595.0
2013-05-02,14.67,14.9,14.67,14.78,33832.0
2013-05-01,15.2,15.2,14.63,14.67,61483.0
2013-04-30,14.99,15.3,14.9,15.3,53261.0
2013-04-29,15.0,15.16,14.84,15.0,38691.0
2013-04-26,14.89,15.22,14.77,14.9,45480.0
2013-04-25,14.82,14.9,14.79,14.88,35323.0
2013-04-24,14.89,14.89,14.65,14.82,40982.0
2013-04-23,14.75,14.91,14.5,14.86,64687.0
2013-04-22,14.43,14.82,14.43,14.78,26718.0
2013-04-19,14.32,14.54,14.19,14.42,55309.0
2013-04-18,14.35,14.35,14.1,14.29,39500.0
2013-04-17,14.63,14.63,14.34,14.38,54421.0
2013-04-16,14.55,14.69,14.53,14.68,65883.0
2013-04-15,14.74,14.76,14.41,14.42,63887.0
2013-04-12,14.71,14.79,14.62,14.76,44212.0
2013-04-11,14.8,14.83,14.66,14.74,37842.0
2013-04-10,14.74,14.84,14.69,14.83,47575.0
2013-04-09,14.86,14.99,14.72,14.75,38492.0
2013-04-08,14.83,14.84,14.71,14.81,12842.0
2013-04-05,14.65,14.83,14.65,14.77,31338.0
2013-04-04,14.72,14.82,14.64,14.79,49888.0
2013-04-03,14.98,15.02,14.71,14.72,44658.0
2013-04-02,14.91,15.13,14.87,14.99,25688.0
2013-04-01,14.82,14.92,14.75,14.92,31990.0
2013-03-29,14.82,14.82,14.82,14.82,0.0
2013-03-28,14.78,15.0,14.68,14.82,102584.0
2013-03-27,14.8,14.9,14.65,14.69,116380.0
2013-03-26,15.18,15.2,14.9,14.98,75018.0
2013-03-25,17.9,15.45,14.91,15.1,51299.0
2013-03-22,14.83,15.0,14.83,14.97,24730.0
2013-03-21,14.95,14.95,14.7,14.83,59956.0
2013-03-20,14.88,15.33,14.75,14.85,59446.0
2013-03-19,14.97,15.08,14.81,14.86,72554.0
2013-03-18,15.28,15.39,15.26,15.33,42857.0
2013-03-15,15.37,15.41,15.15,15.29,61781.0
2013-03-14,15.13,15.45,15.12,15.43,101275.0
2013-03-13,15.16,15.27,15.06,15.1,59759.0
2013-03-12,15.28,15.35,15.01,15.16,56428.0
2013-03-11,15.25,15.44,15.13,15.3,36671.0
2013-03-08,15.29,15.4,15.16,15.23,45824.0
2013-03-07,14.92,15.34,14.92,15.28,95839.0
2013-03-06,15.11,15.15,14.97,15.05,54907.0
2013-03-05,15.25,15.4,15.1,15.12,73007.0
2013-03-04,15.05,15.39,14.93,15.34,55583.0
2013-03-01,15.13,15.22,15.02,15.13,55017.0
2013-02-28,14.94,15.26,14.86,15.25,122319.0
2013-02-27,14.88,15.0,14.83,14.9,40751.0
2013-02-26,14.86,14.95,14.78,14.88,37596.0
2013-02-25,14.97,15.01,14.85,14.85,56969.0
2013-02-22,14.79,14.97,14.79,14.95,54136.0
2013-02-21,14.86,14.86,14.75,14.77,46781.0
2013-02-20,15.11,15.12,14.85,14.85,44127.0
2013-02-19,14.99,15.16,14.95,15.08,32470.0
2013-02-18,14.98,14.98,14.98,14.98,0.0
2013-02-15,14.8,15.0,14.75,14.98,101622.0
2013-02-14,14.82,14.9,14.71,14.76,68471.0
2013-02-13,14.88,14.92,14.76,14.81,55078.0
2013-02-12,14.78,14.89,14.76,14.88,35008.0
2013-02-11,14.86,14.9,14.76,14.88,28509.0
2013-02-08,14.72,15.0,14.68,14.85,64503.0
2013-02-07,14.8,14.91,14.7,14.75,75638.0
2013-02-06,14.93,14.93,14.8,14.9,67339.0
2013-02-05,14.86,14.99,14.8,14.95,81316.0
2013-02-04,14.95,15.0,14.73,14.93,53800.0
2013-02-01,15.05,15.05,14.76,14.95,57215.0
2013-01-31,14.72,15.45,14.6,15.24,181173.0
2013-01-30,14.82,14.91,14.76,14.79,64947.0
2013-01-29,14.96,14.98,14.7,14.88,56497.0
2013-01-28,14.9,15.0,14.8,14.92,61771.0
2013-01-25,14.65,14.87,14.65,14.87,37881.0
2013-01-24,14.77,14.82,14.63,14.7,71190.0
2013-01-23,14.68,14.8,14.61,14.75,91153.0
2013-01-22,14.79,14.79,14.51,14.65,46766.0
2013-01-21,14.74,14.74,14.74,14.74,0.0
2013-01-18,14.65,14.75,14.5,14.74,75989.0
2013-01-17,14.75,14.81,14.51,14.68,91747.0
2013-01-16,14.6,15.02,14.6,14.72,96098.0
2013-01-15,14.5,15.05,14.27,14.59,178100.0
2013-01-14,14.76,14.8,14.23,14.51,112341.0
2013-01-11,14.93,15.03,14.74,14.76,40873.0
2013-01-10,14.83,15.05,14.83,15.01,75800.0
2013-01-09,15.15,15.22,14.44,14.78,196637.0
2013-01-08,15.35,15.35,15.0,15.31,161517.0
2013-01-07,15.65,15.88,15.31,15.87,55356.0
2013-01-04,16.02,16.05,15.76,15.94,36267.0
2013-01-03,16.35,16.69,15.85,15.95,60524.0
2013-01-02,16.35,16.98,15.74,16.73,246080.0
2013-01-01,16.38,16.38,16.38,16.38,0.0
2012-12-31,15.48,16.4,15.25,16.38,113697.0
2012-12-28,15.3,15.8,15.3,15.47,62062.0
2012-12-27,15.27,15.65,15.25,15.35,46237.0
2012-12-26,15.85,15.9,15.25,15.29,48719.0
2012-12-25,15.99,15.99,15.99,15.99,0.0
2012-12-24,16.22,16.28,15.67,15.99,52726.0
2012-12-21,15.23,18.21,15.0,16.25,693512.0
2012-12-20,15.45,15.45,15.25,15.45,83098.0
2012-12-19,15.3,15.5,15.3,15.5,74879.0
2012-12-18,15.19,15.59,15.19,15.49,91528.0
2012-12-17,15.05,15.3,15.05,15.18,22407.0
2012-12-14,15.3,15.3,15.02,15.05,40753.0
2012-12-13,15.26,15.33,14.09,15.28,41568.0
2012-12-12,15.0,15.3,15.0,15.26,26030.0
2012-12-11,15.03,15.1,15.0,15.08,45698.0
2012-12-10,15.11,15.22,15.0,15.0,48014.0
2012-12-07,15.05,15.1,15.0,15.08,64525.0
2012-12-06,15.15,15.25,15.09,15.13,92180.0
2012-12-05,15.31,15.43,15.2,15.31,101482.0
2012-12-04,15.39,15.4,15.25,15.31,84345.0
2012-12-03,15.34,15.5,15.34,15.36,102543.0
2012-11-30,15.29,15.32,15.21,15.32,74870.0
2012-11-29,15.23,15.38,15.15,15.26,32075.0
2012-11-28,15.25,15.27,15.16,15.2,27950.0
2012-11-27,15.17,15.25,15.14,15.25,28118.0
2012-11-26,15.28,15.76,15.06,15.15,28525.0
2012-11-23,15.17,15.25,15.17,15.24,5350.0
2012-11-22,15.16,15.16,15.16,15.16,0.0
2012-11-21,15.35,15.38,15.01,15.16,73601.0
2012-11-20,15.5,15.5,15.18,15.18,92140.0
2012-11-19,15.19,15.46,15.05,15.4,88560.0
2012-11-16,15.09,15.11,15.0,15.1,94156.0
2012-11-15,15.15,15.18,15.0,15.06,195255.0
2012-11-14,15.23,15.23,15.1,15.1,70590.0
2012-11-13,15.3,15.3,15.1,15.22,53957.0
2012-11-12,15.4,15.5,15.17,15.24,40330.0
2012-11-09,15.09,15.25,15.07,15.17,46800.0
2012-11-08,15.0,15.25,15.0,15.08,416074.0
